id	clstr	clstr_size	length	clstr_rep	clstr_iden	clstr_cov
A0A0B0EPS0	0	1	821	1	100	100%
G9ITI8	1	1	810	1	100	100%
A0A136MFN2	2	1	809	1	100	100%
G9ITI9	3	1	806	1	100	100%
A0A1E3XE43	4	1	804	1	100	100%
G9ITI7	5	1	773	1	100	100%
A0A0M2UW49	6	1	768	1	100	100%
A0A2C9CJB5	7	1	642	1	100	100%
G9ITI6	8	1	636	1	100	100%
A0A1E3XEZ6	9	1	588	1	100	100%
Q1PYC5	10	1	577	1	100	100%
A0A0F6QD87	11	1	444	1	100	100%
A0A0F6QD90	12	1	444	1	100	100%
A0A0F6QD98	13	1	444	1	100	100%
A0A0F6QDA6	14	1	444	1	100	100%
A0A0F6QEC8	15	1	444	1	100	100%
A0A0F6QED6	16	1	444	1	100	100%
A0A0F6QEE7	17	1	444	1	100	100%
A0A0F6QEF1	18	1	444	1	100	100%
A0A0F6QET4	19	1	444	1	100	100%
A0A0F6QET8	20	1	444	1	100	100%
A0A0F6QEU1	21	1	444	1	100	100%
A0A0F6QEU8	22	1	444	1	100	100%
A0A0F6QEV4	23	1	444	1	100	100%
A0A0F6QG39	24	1	444	1	100	100%
A0A0F6QG56	25	1	444	1	100	100%
A0A0F6T277	26	1	444	1	100	100%
A0A0F6T2V5	27	1	444	1	100	100%
A0A0F6T2Y6	28	1	444	1	100	100%
A0A0P0BUJ0	29	1	444	1	100	100%
A0A0P0BVA0	30	1	444	1	100	100%
A0A0P0C447	31	1	444	1	100	100%
A0A0P0CAQ9	32	1	444	1	100	100%
A0A0P0CGE0	33	1	444	1	100	100%
A0A0P0CNE8	34	1	444	1	100	100%
T2FE18	35	1	441	1	100	100%
T2FE34	36	1	441	1	100	100%
T2FEM4	37	1	441	1	100	100%
T2FEU1	38	1	441	1	100	100%
T2FEV2	39	1	441	1	100	100%
T2FEV6	40	1	441	1	100	100%
T2FEW7	41	1	441	1	100	100%
T2FF07	42	1	441	1	100	100%
T2FF11	43	1	441	1	100	100%
T2FF20	44	1	441	1	100	100%
T2FF24	45	1	441	1	100	100%
T2FF29	46	1	441	1	100	100%
T2FFM6	47	1	441	1	100	100%
T2FFP1	48	1	441	1	100	100%
T2FFQ2	49	1	441	1	100	100%
G9ITI4	50	1	437	1	100	100%
T2FE06	51	1	437	1	100	100%
T2FE11	52	1	437	1	100	100%
T2FEJ7	53	1	437	1	100	100%
T2FEL4	54	1	437	1	100	100%
T2FEU6	55	1	437	1	100	100%
T2FEW1	56	1	437	1	100	100%
T2FFP6	57	1	437	1	100	100%
T2FE23	58	1	435	1	100	100%
T2FE28	59	1	435	1	100	100%
T2FEK4	60	1	435	1	100	100%
T2FEK9	61	1	435	1	100	100%
T2FF15	62	1	435	1	100	100%
T2FFN0	63	1	435	1	100	100%
T2FFN6	64	1	435	1	100	100%
G9ITF7	65	1	431	1	100	100%
G9ITF8	66	1	431	1	100	100%
G9ITF9	67	1	431	1	100	100%
G9ITG0	68	1	431	1	100	100%
G9ITG1	69	1	431	1	100	100%
G9ITG2	70	1	431	1	100	100%
G9ITG3	71	1	431	1	100	100%
G9ITG4	72	1	431	1	100	100%
G9ITG5	73	1	431	1	100	100%
G9ITG9	74	1	431	1	100	100%
G9ITH0	75	1	431	1	100	100%
G9ITH1	76	1	431	1	100	100%
G9ITH2	77	1	431	1	100	100%
G9ITH3	78	1	431	1	100	100%
G9ITH4	79	1	431	1	100	100%
G9ITH8	80	1	431	1	100	100%
G9ITI3	81	1	431	1	100	100%
G9ITJ0	82	1	428	1	100	100%
G9ITJ1	83	1	428	1	100	100%
G9ITJ2	84	1	428	1	100	100%
G9ITJ3	85	1	428	1	100	100%
G9ITJ4	86	1	428	1	100	100%
G9ITJ5	87	1	428	1	100	100%
G9ITJ6	88	1	428	1	100	100%
G9ITJ7	89	1	428	1	100	100%
K7ZLW7	90	1	428	1	100	100%
K7ZNB3	91	1	428	1	100	100%
K7ZQB7	92	1	428	1	100	100%
G9ITF1	93	1	423	1	100	100%
G9ITF2	94	1	423	1	100	100%
G9ITF6	95	1	406	1	100	100%
G9ITF3	96	1	405	1	100	100%
G9ITF4	97	1	405	1	100	100%
G9ITF5	98	1	405	1	100	100%
A0A0M2UZ26	99	1	376	1	100	100%
A0A136M1V2	100	1	376	1	100	100%
A0A0M2V157	101	1	375	1	100	100%
T2FEQ8	102	1	365	1	100	100%
T2FEU8	103	1	365	1	100	100%
T2FE40	104	1	364	1	100	100%
T2FE45	105	1	364	1	100	100%
T2FE51	106	1	364	1	100	100%
T2FE56	107	1	364	1	100	100%
T2FE61	108	1	364	1	100	100%
T2FE67	109	1	364	1	100	100%
T2FE78	110	1	364	1	100	100%
T2FE93	111	1	364	1	100	100%
T2FEA7	112	1	364	1	100	100%
T2FEM9	113	1	364	1	100	100%
T2FEN7	114	1	364	1	100	100%
T2FEP7	115	1	364	1	100	100%
T2FEQ3	116	1	364	1	100	100%
T2FER3	117	1	364	1	100	100%
T2FES7	118	1	364	1	100	100%
T2FEU4	119	1	364	1	100	100%
T2FEX2	120	1	364	1	100	100%
T2FEX7	121	1	364	1	100	100%
T2FEY3	122	1	364	1	100	100%
T2FEY8	123	1	364	1	100	100%
T2FEZ3	124	1	364	1	100	100%
T2FEZ8	125	1	364	1	100	100%
T2FF05	126	1	364	1	100	100%
T2FF32	127	1	364	1	100	100%
T2FF34	128	1	364	1	100	100%
T2FF37	129	1	364	1	100	100%
T2FF40	130	1	364	1	100	100%
T2FF44	131	1	364	1	100	100%
T2FF49	132	1	364	1	100	100%
T2FF55	133	1	364	1	100	100%
T2FF60	134	1	364	1	100	100%
T2FF66	135	1	364	1	100	100%
T2FF82	136	1	364	1	100	100%
T2FF97	137	1	364	1	100	100%
T2FFR1	138	1	364	1	100	100%
T2FFR7	139	1	364	1	100	100%
T2FFS3	140	1	364	1	100	100%
T2FFS8	141	1	364	1	100	100%
T2FFT3	142	1	364	1	100	100%
T2FFT9	143	1	364	1	100	100%
T2FFV3	144	1	364	1	100	100%
T2FFW9	145	1	364	1	100	100%
T2FE73	146	1	363	1	100	100%
T2FFX3	147	1	363	1	100	100%
L0C944	148	1	354	1	100	100%
L0C949	149	1	354	1	100	100%
L0C954	150	1	354	1	100	100%
L0C9I4	151	1	354	1	100	100%
L0C9I8	152	1	354	1	100	100%
L0C9J3	153	1	354	1	100	100%
L0C9J7	154	1	354	1	100	100%
L0CAI2	155	1	354	1	100	100%
L0CAI7	156	1	354	1	100	100%
L0CB24	157	1	354	1	100	100%
L0CB27	158	1	354	1	100	100%
L0CB32	159	1	354	1	100	100%
L0CB36	160	1	354	1	100	100%
L0CB58	161	1	354	1	100	100%
L0CB62	162	1	354	1	100	100%
L0CB67	163	1	354	1	100	100%
L0CB54	164	1	353	1	100	100%
T2FEP1	165	1	349	1	100	100%
E0X0T8	166	1	348	1	100	100%
E0X0T9	167	1	348	1	100	100%
E0X0U0	168	1	348	1	100	100%
E0X0U1	169	1	348	1	100	100%
E0X0U2	170	1	348	1	100	100%
E0X0U3	171	1	348	1	100	100%
E0X0U5	172	1	348	1	100	100%
E0X0U6	173	1	348	1	100	100%
E0X0U7	174	1	348	1	100	100%
E0X0U8	175	1	348	1	100	100%
E0X0U9	176	1	348	1	100	100%
E0X0V0	177	1	348	1	100	100%
E0X0V8	178	1	348	1	100	100%
E0X0X9	179	1	348	1	100	100%
E0X0Y0	180	1	348	1	100	100%
E0X0Y1	181	1	348	1	100	100%
E0X0Y3	182	1	348	1	100	100%
E0X0Y9	183	1	348	1	100	100%
E0X0Z0	184	1	348	1	100	100%
E0X0R0	185	1	347	1	100	100%
E0X0R3	186	1	347	1	100	100%
E0X0R6	187	1	347	1	100	100%
M1KJL1	188	1	344	1	100	100%
M1L5K5	189	1	344	1	100	100%
M1L5L0	190	1	344	1	100	100%
M1L5P7	191	1	344	1	100	100%
M1LA46	192	1	344	1	100	100%
M1LA79	193	1	344	1	100	100%
M1LC87	194	1	344	1	100	100%
M1LLP7	195	1	344	1	100	100%
M1LLR1	196	1	344	1	100	100%
M1LLV4	197	1	344	1	100	100%
G9ITI0	198	1	343	1	100	100%
E0X0F3	199	1	342	1	100	100%
E0X0F4	200	1	342	1	100	100%
E0X0F5	201	1	342	1	100	100%
E0X0F6	202	1	342	1	100	100%
E0X0F7	203	1	342	1	100	100%
E0X0F8	204	1	342	1	100	100%
E0X0F9	205	1	342	1	100	100%
E0X0G0	206	1	342	1	100	100%
E0X0G1	207	1	342	1	100	100%
E0X0G5	208	1	342	1	100	100%
E0X0G6	209	1	342	1	100	100%
E0X0G7	210	1	342	1	100	100%
E0X0G8	211	1	342	1	100	100%
E0X0G9	212	1	342	1	100	100%
E0X0H0	213	1	342	1	100	100%
E0X0H2	214	1	342	1	100	100%
E0X0H3	215	1	342	1	100	100%
E0X0H5	216	1	342	1	100	100%
E0X0R8	217	1	342	1	100	100%
E0X0S6	218	1	342	1	100	100%
E0X0T1	219	1	342	1	100	100%
E0X0T2	220	1	342	1	100	100%
M1KJI6	221	1	342	1	100	100%
M1KJJ2	222	1	342	1	100	100%
M1KJN5	223	1	342	1	100	100%
M1KJP3	224	1	342	1	100	100%
M1L5I0	225	1	342	1	100	100%
M1L5I6	226	1	342	1	100	100%
M1L5N1	227	1	342	1	100	100%
M1LA20	228	1	342	1	100	100%
M1LA66	229	1	342	1	100	100%
M1LC66	230	1	342	1	100	100%
M1LC73	231	1	342	1	100	100%
M1LCA9	232	1	342	1	100	100%
M1LLP3	233	1	342	1	100	100%
E0X0H6	234	1	341	1	100	100%
E0X0I1	235	1	341	1	100	100%
E0X0I4	236	1	341	1	100	100%
E0X0I5	237	1	341	1	100	100%
E0X0S1	238	1	341	1	100	100%
E0X0S3	239	1	341	1	100	100%
E0X0S8	240	1	341	1	100	100%
E0X0S9	241	1	341	1	100	100%
E0X0S0	242	1	340	1	100	100%
E0X0J3	243	1	339	1	100	100%
E0X0J4	244	1	339	1	100	100%
E0X0J5	245	1	339	1	100	100%
E0X0J7	246	1	339	1	100	100%
E0X0J8	247	1	339	1	100	100%
E0X0K5	248	1	339	1	100	100%
E0X0K7	249	1	339	1	100	100%
E0X0K8	250	1	339	1	100	100%
E0X0L0	251	1	339	1	100	100%
E0X0N4	252	1	339	1	100	100%
E0X0N5	253	1	339	1	100	100%
E0X0M4	254	1	336	1	100	100%
E0X0M5	255	1	336	1	100	100%
E0X0M6	256	1	336	1	100	100%
E0X0M7	257	1	336	1	100	100%
E0X0M8	258	1	336	1	100	100%
E0X0M9	259	1	336	1	100	100%
E0X0N0	260	1	336	1	100	100%
E0X0N1	261	1	336	1	100	100%
E0X0N6	262	1	336	1	100	100%
D3Y4Y0	263	1	331	1	100	100%
D3Y4Y1	264	1	331	1	100	100%
D3Y4Y2	265	1	331	1	100	100%
D3Y4Y3	266	1	331	1	100	100%
D3Y4Y4	267	1	331	1	100	100%
D3Y4Y5	268	1	331	1	100	100%
D3Y4Y6	269	1	331	1	100	100%
D3Y4Y7	270	1	331	1	100	100%
D3Y4Y8	271	1	331	1	100	100%
D3Y4Y9	272	1	331	1	100	100%
D3Y4Z0	273	1	331	1	100	100%
D3Y4Z1	274	1	331	1	100	100%
D3Y4Z2	275	1	331	1	100	100%
D3Y4Z3	276	1	331	1	100	100%
D3Y4Z4	277	1	331	1	100	100%
D3Y4Z5	278	1	331	1	100	100%
D3Y4Z6	279	1	331	1	100	100%
D3Y4Z7	280	1	331	1	100	100%
D3Y4Z8	281	1	331	1	100	100%
D3Y501	282	1	331	1	100	100%
D3Y502	283	1	331	1	100	100%
D3Y503	284	1	331	1	100	100%
D3Y504	285	1	331	1	100	100%
D3Y506	286	1	331	1	100	100%
D3Y507	287	1	331	1	100	100%
D3Y508	288	1	331	1	100	100%
D3Y509	289	1	331	1	100	100%
D3Y510	290	1	331	1	100	100%
D3Y511	291	1	331	1	100	100%
D3Y512	292	1	331	1	100	100%
D3Y513	293	1	331	1	100	100%
D3Y514	294	1	331	1	100	100%
D3Y515	295	1	331	1	100	100%
D3Y516	296	1	331	1	100	100%
D3Y517	297	1	331	1	100	100%
D3Y520	298	1	331	1	100	100%
D3Y521	299	1	331	1	100	100%
D3Y523	300	1	331	1	100	100%
D3Y524	301	1	331	1	100	100%
D3Y525	302	1	331	1	100	100%
D3Y527	303	1	331	1	100	100%
D3Y528	304	1	331	1	100	100%
D3Y529	305	1	331	1	100	100%
D3Y531	306	1	331	1	100	100%
D3Y533	307	1	331	1	100	100%
D3Y534	308	1	331	1	100	100%
D3Y535	309	1	331	1	100	100%
D3Y536	310	1	331	1	100	100%
D3Y537	311	1	331	1	100	100%
D3Y539	312	1	331	1	100	100%
D3Y541	313	1	331	1	100	100%
D3Y543	314	1	331	1	100	100%
D3Y544	315	1	331	1	100	100%
D3Y545	316	1	331	1	100	100%
D3Y548	317	1	331	1	100	100%
D3Y549	318	1	331	1	100	100%
D3Y550	319	1	331	1	100	100%
D3Y552	320	1	331	1	100	100%
D3Y553	321	1	331	1	100	100%
D3Y554	322	1	331	1	100	100%
D3Y555	323	1	331	1	100	100%
D3Y556	324	1	331	1	100	100%
D3Y558	325	1	331	1	100	100%
D3Y559	326	1	331	1	100	100%
D3Y560	327	1	331	1	100	100%
D3Y561	328	1	331	1	100	100%
D3Y562	329	1	331	1	100	100%
D3Y563	330	1	331	1	100	100%
D3Y564	331	1	331	1	100	100%
D3Y565	332	1	331	1	100	100%
D3Y566	333	1	331	1	100	100%
D3Y567	334	1	331	1	100	100%
D3Y568	335	1	331	1	100	100%
D3Y569	336	1	331	1	100	100%
D3Y570	337	1	331	1	100	100%
D3Y572	338	1	331	1	100	100%
D3Y575	339	1	331	1	100	100%
D3Y576	340	1	331	1	100	100%
D3Y577	341	1	331	1	100	100%
D3Y578	342	1	331	1	100	100%
D3Y581	343	1	331	1	100	100%
D3Y582	344	1	331	1	100	100%
D3Y583	345	1	331	1	100	100%
D3Y584	346	1	331	1	100	100%
D3Y585	347	1	331	1	100	100%
D3Y586	348	1	331	1	100	100%
D3Y587	349	1	331	1	100	100%
D3Y588	350	1	331	1	100	100%
D3Y589	351	1	331	1	100	100%
D3Y590	352	1	331	1	100	100%
D3Y591	353	1	331	1	100	100%
D3Y592	354	1	331	1	100	100%
D3Y593	355	1	331	1	100	100%
D3Y594	356	1	331	1	100	100%
D3Y596	357	1	331	1	100	100%
D3Y597	358	1	331	1	100	100%
D3Y598	359	1	331	1	100	100%
D3Y599	360	1	331	1	100	100%
D3Y5A0	361	1	331	1	100	100%
D3Y5A2	362	1	331	1	100	100%
D3Y5A3	363	1	331	1	100	100%
D3Y5A5	364	1	331	1	100	100%
D3Y5A6	365	1	331	1	100	100%
D3Y5A8	366	1	331	1	100	100%
D3Y5A9	367	1	331	1	100	100%
D3Y5B0	368	1	331	1	100	100%
D3Y5B1	369	1	331	1	100	100%
D3Y5B2	370	1	331	1	100	100%
D3Y5B3	371	1	331	1	100	100%
D3Y5B5	372	1	331	1	100	100%
D3Y5B6	373	1	331	1	100	100%
D3Y5B7	374	1	331	1	100	100%
D3Y5B8	375	1	331	1	100	100%
D3Y5B9	376	1	331	1	100	100%
D3Y5C1	377	1	331	1	100	100%
D3Y5C2	378	1	331	1	100	100%
D3Y5C3	379	1	331	1	100	100%
D3Y5C4	380	1	331	1	100	100%
D3Y5C5	381	1	331	1	100	100%
D3Y5C6	382	1	331	1	100	100%
D3Y5C7	383	1	331	1	100	100%
D3Y5C8	384	1	331	1	100	100%
D3Y5D0	385	1	331	1	100	100%
D3Y5D1	386	1	331	1	100	100%
D3Y5D3	387	1	331	1	100	100%
D3Y5D4	388	1	331	1	100	100%
D3Y5D5	389	1	331	1	100	100%
D3Y5D6	390	1	331	1	100	100%
D3Y5D8	391	1	331	1	100	100%
D3Y5D9	392	1	331	1	100	100%
D3Y5E1	393	1	331	1	100	100%
D3Y5E2	394	1	331	1	100	100%
D3Y5E3	395	1	331	1	100	100%
D3Y5E5	396	1	331	1	100	100%
D3Y5E6	397	1	331	1	100	100%
D3Y5E7	398	1	331	1	100	100%
D3Y5E9	399	1	331	1	100	100%
D3Y5F0	400	1	331	1	100	100%
D3Y5F1	401	1	331	1	100	100%
D3Y5F6	402	1	331	1	100	100%
D3Y5F8	403	1	331	1	100	100%
D3Y5G0	404	1	331	1	100	100%
D3Y5G1	405	1	331	1	100	100%
D3Y5G2	406	1	331	1	100	100%
D3Y5G3	407	1	331	1	100	100%
E0X0W2	408	1	331	1	100	100%
E0X0W3	409	1	331	1	100	100%
E0X0W7	410	1	331	1	100	100%
E0X0W8	411	1	331	1	100	100%
E0X0W9	412	1	331	1	100	100%
E0X0X0	413	1	331	1	100	100%
E0X0X1	414	1	331	1	100	100%
E0X0X2	415	1	331	1	100	100%
E0X0X3	416	1	331	1	100	100%
E0X0X4	417	1	331	1	100	100%
E0X0X5	418	1	331	1	100	100%
E0X0X7	419	1	331	1	100	100%
E0X0X8	420	1	331	1	100	100%
G3K1W8	421	1	331	1	100	100%
G3K1W9	422	1	331	1	100	100%
G3K1X0	423	1	331	1	100	100%
G3K1X1	424	1	331	1	100	100%
G3K1X3	425	1	331	1	100	100%
G3K1X4	426	1	331	1	100	100%
G3K1X5	427	1	331	1	100	100%
G3K1X6	428	1	331	1	100	100%
G3K1X7	429	1	331	1	100	100%
G3K1X8	430	1	331	1	100	100%
G3K1X9	431	1	331	1	100	100%
G3K1Y0	432	1	331	1	100	100%
G3K1Y2	433	1	331	1	100	100%
G3K1Y3	434	1	331	1	100	100%
G3K1Y4	435	1	331	1	100	100%
G3K1Y5	436	1	331	1	100	100%
G3K1Y6	437	1	331	1	100	100%
G3K1Y7	438	1	331	1	100	100%
G3K1Z0	439	1	331	1	100	100%
G3K1Z1	440	1	331	1	100	100%
G3K1Z2	441	1	331	1	100	100%
G3K1Z3	442	1	331	1	100	100%
G3K1Z4	443	1	331	1	100	100%
G3K1Z5	444	1	331	1	100	100%
G3K1Z7	445	1	331	1	100	100%
G3K1Z8	446	1	331	1	100	100%
G3K1Z9	447	1	331	1	100	100%
G3K200	448	1	331	1	100	100%
G3K201	449	1	331	1	100	100%
G3K202	450	1	331	1	100	100%
G3K203	451	1	331	1	100	100%
G3K204	452	1	331	1	100	100%
G3K208	453	1	331	1	100	100%
G3K209	454	1	331	1	100	100%
G3K210	455	1	331	1	100	100%
G3K211	456	1	331	1	100	100%
G3K213	457	1	331	1	100	100%
G3K214	458	1	331	1	100	100%
G3K217	459	1	331	1	100	100%
G3K219	460	1	331	1	100	100%
G3K220	461	1	331	1	100	100%
G3K223	462	1	331	1	100	100%
G3K224	463	1	331	1	100	100%
G3K225	464	1	331	1	100	100%
G3K226	465	1	331	1	100	100%
G3K227	466	1	331	1	100	100%
G3K228	467	1	331	1	100	100%
G3K229	468	1	331	1	100	100%
G3K230	469	1	331	1	100	100%
G3K231	470	1	331	1	100	100%
G3K232	471	1	331	1	100	100%
G3K233	472	1	331	1	100	100%
G3K234	473	1	331	1	100	100%
G3K237	474	1	331	1	100	100%
G3K238	475	1	331	1	100	100%
G3K239	476	1	331	1	100	100%
G3K241	477	1	331	1	100	100%
G3K243	478	1	331	1	100	100%
G3K248	479	1	331	1	100	100%
G3K250	480	1	331	1	100	100%
G3K251	481	1	331	1	100	100%
G3K254	482	1	331	1	100	100%
G3K256	483	1	331	1	100	100%
G3K257	484	1	331	1	100	100%
G3K260	485	1	331	1	100	100%
G3K261	486	1	331	1	100	100%
G3K264	487	1	331	1	100	100%
G3K265	488	1	331	1	100	100%
G3K267	489	1	331	1	100	100%
G3K268	490	1	331	1	100	100%
G3K269	491	1	331	1	100	100%
G3K270	492	1	331	1	100	100%
I6YP30	493	1	331	1	100	100%
I6ZHG8	494	1	331	1	100	100%
K4NQF7	495	1	331	1	100	100%
K4NQG3	496	1	331	1	100	100%
K4NQG8	497	1	331	1	100	100%
K4NQH3	498	1	331	1	100	100%
K4NQH7	499	1	331	1	100	100%
K4NQI5	500	1	331	1	100	100%
K4NQJ0	501	1	331	1	100	100%
K4NQJ8	502	1	331	1	100	100%
K4NQK2	503	1	331	1	100	100%
K4NQL0	504	1	331	1	100	100%
K4NQL5	505	1	331	1	100	100%
K4NQN2	506	1	331	1	100	100%
K4NQP0	507	1	331	1	100	100%
K4NQP5	508	1	331	1	100	100%
K4NQQ0	509	1	331	1	100	100%
K4NQQ4	510	1	331	1	100	100%
K4NQQ9	511	1	331	1	100	100%
K4NQR3	512	1	331	1	100	100%
K4NQR8	513	1	331	1	100	100%
K4NQS3	514	1	331	1	100	100%
K4NQS8	515	1	331	1	100	100%
K4NQT2	516	1	331	1	100	100%
K4NQT6	517	1	331	1	100	100%
K4NR00	518	1	331	1	100	100%
K4NR03	519	1	331	1	100	100%
K4NR08	520	1	331	1	100	100%
K4NR11	521	1	331	1	100	100%
K4NR20	522	1	331	1	100	100%
K4NR27	523	1	331	1	100	100%
K4NR32	524	1	331	1	100	100%
K4NR36	525	1	331	1	100	100%
K4NR40	526	1	331	1	100	100%
K4NR43	527	1	331	1	100	100%
K4NR48	528	1	331	1	100	100%
K4NR54	529	1	331	1	100	100%
K4NR59	530	1	331	1	100	100%
K4NR62	531	1	331	1	100	100%
K4NR67	532	1	331	1	100	100%
K4NR79	533	1	331	1	100	100%
K4NR87	534	1	331	1	100	100%
K4NR97	535	1	331	1	100	100%
K4NRA2	536	1	331	1	100	100%
K4NRA5	537	1	331	1	100	100%
K4NRA9	538	1	331	1	100	100%
K4NRB4	539	1	331	1	100	100%
K4NT05	540	1	331	1	100	100%
K4NT10	541	1	331	1	100	100%
K4NT14	542	1	331	1	100	100%
K4NT21	543	1	331	1	100	100%
K4NT25	544	1	331	1	100	100%
K4NT36	545	1	331	1	100	100%
K4NT39	546	1	331	1	100	100%
K4NT45	547	1	331	1	100	100%
K4NT49	548	1	331	1	100	100%
K4NT53	549	1	331	1	100	100%
K4NT59	550	1	331	1	100	100%
K4NT66	551	1	331	1	100	100%
K4NT70	552	1	331	1	100	100%
K4NT75	553	1	331	1	100	100%
K4NT80	554	1	331	1	100	100%
K4NT86	555	1	331	1	100	100%
K4NT88	556	1	331	1	100	100%
K4NT89	557	1	331	1	100	100%
K4NT93	558	1	331	1	100	100%
K4NT94	559	1	331	1	100	100%
K4NT96	560	1	331	1	100	100%
K4NT98	561	1	331	1	100	100%
K4NTA0	562	1	331	1	100	100%
K4NTA1	563	1	331	1	100	100%
K4NTA3	564	1	331	1	100	100%
K4NTA4	565	1	331	1	100	100%
K4NTA7	566	1	331	1	100	100%
K4NTA8	567	1	331	1	100	100%
K4NTB0	568	1	331	1	100	100%
K4NTB3	569	1	331	1	100	100%
K4NTB6	570	1	331	1	100	100%
K4NTC5	571	1	331	1	100	100%
K4NTD0	572	1	331	1	100	100%
K4NTD1	573	1	331	1	100	100%
K4NTE4	574	1	331	1	100	100%
K4NTF1	575	1	331	1	100	100%
K4NTF6	576	1	331	1	100	100%
K4NTG3	577	1	331	1	100	100%
K4NTG7	578	1	331	1	100	100%
K4NTH1	579	1	331	1	100	100%
K4NTH5	580	1	331	1	100	100%
K4NTI0	581	1	331	1	100	100%
K4NTI2	582	1	331	1	100	100%
K4NTJ2	583	1	331	1	100	100%
K4NTJ7	584	1	331	1	100	100%
K4NTK1	585	1	331	1	100	100%
K4P4E2	586	1	331	1	100	100%
K4P4E7	587	1	331	1	100	100%
K4P4F5	588	1	331	1	100	100%
K4P4F9	589	1	331	1	100	100%
K4P4G3	590	1	331	1	100	100%
K4P4G5	591	1	331	1	100	100%
K4P4H3	592	1	331	1	100	100%
K4P4I5	593	1	331	1	100	100%
K4P4J0	594	1	331	1	100	100%
K4P4J5	595	1	331	1	100	100%
K4P4J9	596	1	331	1	100	100%
K4P4K1	597	1	331	1	100	100%
K4P4K9	598	1	331	1	100	100%
K4P4L3	599	1	331	1	100	100%
K4P4M1	600	1	331	1	100	100%
K4P4M4	601	1	331	1	100	100%
K4P4N2	602	1	331	1	100	100%
K4P4N5	603	1	331	1	100	100%
S4VJF4	604	1	331	1	100	100%
S4VJG3	605	1	331	1	100	100%
S4VJH7	606	1	331	1	100	100%
S4VJI2	607	1	331	1	100	100%
S4VJI3	608	1	331	1	100	100%
S4VJI6	609	1	331	1	100	100%
S4VJI7	610	1	331	1	100	100%
S4VJJ2	611	1	331	1	100	100%
S4VJK0	612	1	331	1	100	100%
S4VJK1	613	1	331	1	100	100%
S4VJK7	614	1	331	1	100	100%
S4VJL0	615	1	331	1	100	100%
S4VJL3	616	1	331	1	100	100%
S4VJL8	617	1	331	1	100	100%
S4VJM5	618	1	331	1	100	100%
S4VJM9	619	1	331	1	100	100%
S4VJN0	620	1	331	1	100	100%
S4VJN3	621	1	331	1	100	100%
S4VJN4	622	1	331	1	100	100%
S4VJN7	623	1	331	1	100	100%
S4VJN8	624	1	331	1	100	100%
S4VJP2	625	1	331	1	100	100%
S4VJP7	626	1	331	1	100	100%
S4VJQ0	627	1	331	1	100	100%
S4VJQ1	628	1	331	1	100	100%
S4VJQ3	629	1	331	1	100	100%
S4VJQ5	630	1	331	1	100	100%
S4VJQ8	631	1	331	1	100	100%
S4VJR0	632	1	331	1	100	100%
S4VJR1	633	1	331	1	100	100%
S4VJR9	634	1	331	1	100	100%
S4VJS3	635	1	331	1	100	100%
S4VJS5	636	1	331	1	100	100%
S4VJT1	637	1	331	1	100	100%
S4VJT3	638	1	331	1	100	100%
S4VJT8	639	1	331	1	100	100%
S4VJT9	640	1	331	1	100	100%
S4VJU2	641	1	331	1	100	100%
S4VJU3	642	1	331	1	100	100%
S4VJU8	643	1	331	1	100	100%
S4VJV0	644	1	331	1	100	100%
S4VJV6	645	1	331	1	100	100%
S4VJW1	646	1	331	1	100	100%
S4VJW2	647	1	331	1	100	100%
S4VJW6	648	1	331	1	100	100%
S4VJW9	649	1	331	1	100	100%
S4VJX7	650	1	331	1	100	100%
S4VJY1	651	1	331	1	100	100%
S4VJY5	652	1	331	1	100	100%
S4VJZ2	653	1	331	1	100	100%
S4VK01	654	1	331	1	100	100%
S4VM20	655	1	331	1	100	100%
S4VM45	656	1	331	1	100	100%
S4VM53	657	1	331	1	100	100%
S4VM56	658	1	331	1	100	100%
S4VM60	659	1	331	1	100	100%
S4VM62	660	1	331	1	100	100%
S4VM66	661	1	331	1	100	100%
S4VM68	662	1	331	1	100	100%
S4VM71	663	1	331	1	100	100%
S4VM75	664	1	331	1	100	100%
S4VM81	665	1	331	1	100	100%
S4VM84	666	1	331	1	100	100%
S4VM86	667	1	331	1	100	100%
S4VM92	668	1	331	1	100	100%
S4VM96	669	1	331	1	100	100%
S4VMA2	670	1	331	1	100	100%
S4VMA7	671	1	331	1	100	100%
S4VMB0	672	1	331	1	100	100%
S4VMC7	673	1	331	1	100	100%
S4VMD2	674	1	331	1	100	100%
S4VMD4	675	1	331	1	100	100%
S4VME1	676	1	331	1	100	100%
S4VME4	677	1	331	1	100	100%
S4VME8	678	1	331	1	100	100%
S4VQ49	679	1	331	1	100	100%
S4VQ53	680	1	331	1	100	100%
S4VQ58	681	1	331	1	100	100%
S4VQ63	682	1	331	1	100	100%
S4VQ79	683	1	331	1	100	100%
S4VQA9	684	1	331	1	100	100%
S4VQB1	685	1	331	1	100	100%
S4VQC0	686	1	331	1	100	100%
S4VQC2	687	1	331	1	100	100%
S4VQC5	688	1	331	1	100	100%
S4VQD1	689	1	331	1	100	100%
S4VQD5	690	1	331	1	100	100%
S4VQE0	691	1	331	1	100	100%
S4VQE5	692	1	331	1	100	100%
S4VQF0	693	1	331	1	100	100%
S4VQF4	694	1	331	1	100	100%
S4VQF8	695	1	331	1	100	100%
S4VQG3	696	1	331	1	100	100%
S4VQG7	697	1	331	1	100	100%
S4VQI2	698	1	331	1	100	100%
S4VQI6	699	1	331	1	100	100%
S4VQJ1	700	1	331	1	100	100%
S4VQK0	701	1	331	1	100	100%
S4VQK4	702	1	331	1	100	100%
S4VQK9	703	1	331	1	100	100%
S4VQL4	704	1	331	1	100	100%
S4VQL7	705	1	331	1	100	100%
S4VQL9	706	1	331	1	100	100%
S4VQM2	707	1	331	1	100	100%
S4VQM6	708	1	331	1	100	100%
S4VQN3	709	1	331	1	100	100%
S4VQN6	710	1	331	1	100	100%
S4VQP0	711	1	331	1	100	100%
S4VQP1	712	1	331	1	100	100%
S4VQP5	713	1	331	1	100	100%
S4VQP7	714	1	331	1	100	100%
S4VQT0	715	1	331	1	100	100%
S4VQT4	716	1	331	1	100	100%
S4VQT9	717	1	331	1	100	100%
S4VQV1	718	1	331	1	100	100%
S4VQV5	719	1	331	1	100	100%
S4VQV8	720	1	331	1	100	100%
S4VQW3	721	1	331	1	100	100%
S4VQX1	722	1	331	1	100	100%
S4VQX5	723	1	331	1	100	100%
S4VQX8	724	1	331	1	100	100%
S4VQY3	725	1	331	1	100	100%
S4VQY7	726	1	331	1	100	100%
S4VQZ1	727	1	331	1	100	100%
S4VQZ5	728	1	331	1	100	100%
S4VQZ9	729	1	331	1	100	100%
S4VR03	730	1	331	1	100	100%
S4VR07	731	1	331	1	100	100%
S4VR11	732	1	331	1	100	100%
S4VR14	733	1	331	1	100	100%
S4VR33	734	1	331	1	100	100%
S4VR38	735	1	331	1	100	100%
S4VR42	736	1	331	1	100	100%
D3Y530	737	1	330	1	100	100%
D3Y551	738	1	330	1	100	100%
D3Y5A1	739	1	330	1	100	100%
E0X0I6	740	1	330	1	100	100%
E0X0W1	741	1	330	1	100	100%
E0X0W4	742	1	330	1	100	100%
G3K1X2	743	1	330	1	100	100%
L0C959	744	1	330	1	100	100%
L0C9K2	745	1	330	1	100	100%
L0CB72	746	1	330	1	100	100%
E0X0S7	747	1	326	1	100	100%
K4NTB1	748	1	325	1	100	100%
E0X0S4	749	1	324	1	100	100%
G9ITI5	750	1	318	1	100	100%
E0X0L7	751	1	317	1	100	100%
E0X0M2	752	1	317	1	100	100%
M1KJH1	753	1	317	1	100	100%
M1KJH9	754	1	317	1	100	100%
M1L5G9	755	1	317	1	100	100%
M1L5H5	756	1	317	1	100	100%
M1L5M6	757	1	317	1	100	100%
M1LA61	758	1	317	1	100	100%
M1LCA3	759	1	317	1	100	100%
M1LLN3	760	1	317	1	100	100%
M1LLS8	761	1	317	1	100	100%
K4NR84	762	1	313	1	100	100%
E0X0R5	763	1	311	1	100	100%
K9LKB5	764	1	311	1	100	100%
K4NTE7	765	1	309	1	100	100%
G9ITG6	766	1	307	1	100	100%
K9LJF6	767	1	307	1	100	100%
K4NT32	768	1	305	1	100	100%
K9LL18	769	1	304	1	100	100%
G9ITH6	770	1	301	1	100	100%
G9ITH7	771	1	301	1	100	100%
G9ITI2	772	1	301	1	100	100%
G9ITI1	773	1	298	1	100	100%
K9LJT0	774	1	292	1	100	100%
G9ITG7	775	1	286	1	100	100%
K9LJY7	776	1	282	1	100	100%
K9LK47	777	1	282	1	100	100%
K9LK51	778	1	282	1	100	100%
K9LKN3	779	1	282	1	100	100%
K9LKP1	780	1	282	1	100	100%
K9LLA8	781	1	282	1	100	100%
K9LLB3	782	1	282	1	100	100%
K9LLB9	783	1	282	1	100	100%
K9LLC2	784	1	282	1	100	100%
K9LM08	785	1	282	1	100	100%
K9LM18	786	1	282	1	100	100%
K9LJY1	787	1	281	1	100	100%
K9LJE5	788	1	279	1	100	100%
K9LLA3	789	1	279	1	100	100%
K9LK40	790	1	278	1	100	100%
E0X0N7	791	1	277	1	100	100%
E0X0P0	792	1	277	1	100	100%
E0X0P1	793	1	277	1	100	100%
E0X0P4	794	1	277	1	100	100%
E0X0P6	795	1	277	1	100	100%
E0X0P9	796	1	277	1	100	100%
E0X0Q2	797	1	277	1	100	100%
E0X0Q3	798	1	277	1	100	100%
E0X0Q6	799	1	277	1	100	100%
E0X0Q8	800	1	277	1	100	100%
E0X0Q9	801	1	277	1	100	100%
G9ITG8	802	1	276	1	100	100%
E0X0S2	803	1	274	1	100	100%
E0X0P7	804	1	273	1	100	100%
E0X0P8	805	1	273	1	100	100%
B6EF19	806	1	270	1	100	100%
K9LLA7	807	1	269	1	100	100%
K9LK18	808	1	266	1	100	100%
K9LKB2	809	1	266	1	100	100%
K9LLL4	810	1	265	1	100	100%
G5CP13	811	1	263	1	100	100%
G5CP14	812	1	263	1	100	100%
G5CP16	813	1	263	1	100	100%
G5CP19	814	1	263	1	100	100%
G5CP21	815	1	263	1	100	100%
G5CP22	816	1	263	1	100	100%
G5CP24	817	1	263	1	100	100%
G5CP25	818	1	263	1	100	100%
G5CP27	819	1	263	1	100	100%
G5CP28	820	1	263	1	100	100%
G5CP29	821	1	263	1	100	100%
G5CP30	822	1	263	1	100	100%
G5CP32	823	1	263	1	100	100%
G5CP34	824	1	263	1	100	100%
G5CP35	825	1	263	1	100	100%
G5CP36	826	1	263	1	100	100%
G5CP38	827	1	263	1	100	100%
G5CP39	828	1	263	1	100	100%
G5CP40	829	1	263	1	100	100%
G5CP41	830	1	263	1	100	100%
G5CP42	831	1	263	1	100	100%
G5CP44	832	1	263	1	100	100%
H6V4Z9	833	1	263	1	100	100%
H6V501	834	1	263	1	100	100%
H6V503	835	1	263	1	100	100%
H6V504	836	1	263	1	100	100%
H6V510	837	1	263	1	100	100%
H6V512	838	1	263	1	100	100%
H6V513	839	1	263	1	100	100%
H6V517	840	1	263	1	100	100%
H6V519	841	1	263	1	100	100%
H6V520	842	1	263	1	100	100%
H6V526	843	1	263	1	100	100%
H6V528	844	1	263	1	100	100%
K9LK49	845	1	263	1	100	100%
H6V521	846	1	262	1	100	100%
B6EF22	847	1	258	1	100	100%
K9LKA6	848	1	258	1	100	100%
K9LLK6	849	1	258	1	100	100%
B6EF25	850	1	257	1	100	100%
K9LKU4	851	1	255	1	100	100%
K9LM14	852	1	255	1	100	100%
E0X0T0	853	1	254	1	100	100%
K9LL13	854	1	253	1	100	100%
A0A088SGX2	855	1	252	1	100	100%
A0A088SGX7	856	1	252	1	100	100%
A0A088SH53	857	1	252	1	100	100%
A0A088SH58	858	1	252	1	100	100%
A0A088SH98	859	1	252	1	100	100%
A0A088SHA5	860	1	252	1	100	100%
A0A088SHB1	861	1	252	1	100	100%
A0A088SJF4	862	1	252	1	100	100%
A0A088T2A9	863	1	252	1	100	100%
A0A088T2B5	864	1	252	1	100	100%
A0A088T2C2	865	1	252	1	100	100%
A0A088T2C9	866	1	252	1	100	100%
K9LJI0	867	1	250	1	100	100%
K9LK12	868	1	250	1	100	100%
K9LKU1	869	1	250	1	100	100%
K9LKU3	870	1	250	1	100	100%
K9LLA0	871	1	250	1	100	100%
L7WV08	872	1	250	1	100	100%
L7WV19	873	1	250	1	100	100%
L7WV25	874	1	250	1	100	100%
L7WZJ5	875	1	250	1	100	100%
L7WZK7	876	1	250	1	100	100%
L7WZL6	877	1	250	1	100	100%
L7WZM3	878	1	250	1	100	100%
L7X099	879	1	250	1	100	100%
L7X0A4	880	1	250	1	100	100%
L7X0A9	881	1	250	1	100	100%
L7X0B5	882	1	250	1	100	100%
L7X0C0	883	1	250	1	100	100%
L7X0G3	884	1	250	1	100	100%
L7X0G8	885	1	250	1	100	100%
L7X0I5	886	1	250	1	100	100%
L7X0J2	887	1	250	1	100	100%
L7X2T1	888	1	250	1	100	100%
L7X2V3	889	1	250	1	100	100%
L7X2V7	890	1	250	1	100	100%
L7X073	891	1	249	1	100	100%
L7WUZ1	892	1	248	1	100	100%
L7WZI0	893	1	248	1	100	100%
L7WZJ0	894	1	248	1	100	100%
L7X078	895	1	248	1	100	100%
L7X0E7	896	1	248	1	100	100%
L7X2R9	897	1	248	1	100	100%
L7X2S4	898	1	248	1	100	100%
L7X2S6	899	1	248	1	100	100%
L7WZD8	900	1	245	1	100	100%
L7X094	901	1	245	1	100	100%
L7X0A1	902	1	245	1	100	100%
L7X2N8	903	1	245	1	100	100%
L7WUW5	904	1	244	1	100	100%
L7WZE4	905	1	244	1	100	100%
L7WZE9	906	1	244	1	100	100%
L7WZF4	907	1	244	1	100	100%
L7X0B6	908	1	244	1	100	100%
K9LJM6	909	1	239	1	100	100%
K9LLK9	910	1	239	1	100	100%
K9LKB1	911	1	238	1	100	100%
K9LL09	912	1	238	1	100	100%
M1LLU1	913	1	235	1	100	100%
K9LJR9	914	1	234	1	100	100%
T2I4K5	915	1	233	1	100	100%
K9LJY9	916	1	227	1	100	100%
I1WZ40	917	1	226	1	100	100%
I1WZ42	918	1	226	1	100	100%
I1WZ44	919	1	225	1	100	100%
B6EF20	920	1	224	1	100	100%
I1WZ39	921	1	223	1	100	100%
K9LLB5	922	1	222	1	100	100%
B6EF21	923	1	221	1	100	100%
B6EF23	924	1	217	1	100	100%
I1WZ45	925	1	217	1	100	100%
I1WZ46	926	1	217	1	100	100%
I1WZ38	927	1	216	1	100	100%
I1WZ34	928	1	215	1	100	100%
I1WZ36	929	1	211	1	100	100%
I1WZ37	930	1	210	1	100	100%
K9LJM8	931	1	210	1	100	100%
K9LJS6	932	1	208	1	100	100%
A0A0S2UX11	933	1	207	1	100	100%
K9LJN0	934	1	207	1	100	100%
K9LJN5	935	1	207	1	100	100%
A0A0S2UXD4	936	1	205	1	100	100%
T2I507	937	1	203	1	100	100%
I3PA94	938	1	202	1	100	100%
I3PA95	939	1	202	1	100	100%
I3PA96	940	1	202	1	100	100%
I3PA97	941	1	202	1	100	100%
I3PA98	942	1	202	1	100	100%
I3PA99	943	1	202	1	100	100%
I3PAA0	944	1	202	1	100	100%
I3PAA1	945	1	202	1	100	100%
I3PAA2	946	1	202	1	100	100%
I3PAA3	947	1	202	1	100	100%
I3PAA4	948	1	202	1	100	100%
I3PAA5	949	1	202	1	100	100%
I3PAA6	950	1	202	1	100	100%
I3PAA7	951	1	202	1	100	100%
I3PAA8	952	1	202	1	100	100%
I3PAA9	953	1	202	1	100	100%
I3PAB0	954	1	202	1	100	100%
I3PAB1	955	1	202	1	100	100%
I3PAB2	956	1	202	1	100	100%
I3PAB3	957	1	202	1	100	100%
I3PAB4	958	1	202	1	100	100%
I3PAB5	959	1	202	1	100	100%
I3PAB6	960	1	202	1	100	100%
I3PAB7	961	1	202	1	100	100%
I3PAB8	962	1	202	1	100	100%
I3PAB9	963	1	202	1	100	100%
I3PAC0	964	1	202	1	100	100%
I3PAC2	965	1	202	1	100	100%
I3PAC3	966	1	202	1	100	100%
I3PAC4	967	1	202	1	100	100%
I3PAC5	968	1	202	1	100	100%
I3PAC6	969	1	202	1	100	100%
I3PAC7	970	1	202	1	100	100%
I3PAC8	971	1	202	1	100	100%
I3PAC9	972	1	202	1	100	100%
I3PAD0	973	1	202	1	100	100%
I3PAD1	974	1	202	1	100	100%
I3PAD2	975	1	202	1	100	100%
I3PAD3	976	1	202	1	100	100%
I3PAD4	977	1	202	1	100	100%
I3PAD5	978	1	202	1	100	100%
I3PAD6	979	1	202	1	100	100%
I3PAD7	980	1	202	1	100	100%
I3PAD8	981	1	202	1	100	100%
I3PAD9	982	1	202	1	100	100%
I3PAE0	983	1	202	1	100	100%
I3PAE1	984	1	202	1	100	100%
I3PAE2	985	1	202	1	100	100%
I3PAE3	986	1	202	1	100	100%
I3PAE4	987	1	202	1	100	100%
I3PAE5	988	1	202	1	100	100%
I3PAE6	989	1	202	1	100	100%
I3PAE7	990	1	202	1	100	100%
I3PAE8	991	1	202	1	100	100%
I3PAE9	992	1	202	1	100	100%
I3PAF0	993	1	202	1	100	100%
I3PAF1	994	1	202	1	100	100%
I3PAF2	995	1	202	1	100	100%
I3PAF3	996	1	202	1	100	100%
I3PAF4	997	1	202	1	100	100%
I3PAF5	998	1	202	1	100	100%
I3PAF6	999	1	202	1	100	100%
I3PAF7	1000	1	202	1	100	100%
I3PAF8	1001	1	202	1	100	100%
I3PAF9	1002	1	202	1	100	100%
I3PAG0	1003	1	202	1	100	100%
I3PAG1	1004	1	202	1	100	100%
I3PAG2	1005	1	202	1	100	100%
I3PAG3	1006	1	202	1	100	100%
I3PAG4	1007	1	202	1	100	100%
I3PAG5	1008	1	202	1	100	100%
A0A0A0RH54	1009	1	201	1	100	100%
A0A0A0RKU2	1010	1	201	1	100	100%
A0A0A0RI83	1011	1	200	1	100	100%
A0A0D4CY66	1012	1	200	1	100	100%
A0A0D4CY98	1013	1	200	1	100	100%
A0A0D4CYA1	1014	1	200	1	100	100%
A0A0D4CYA7	1015	1	200	1	100	100%
A0A0D4CYB2	1016	1	200	1	100	100%
A0A0D4CYD8	1017	1	200	1	100	100%
A0A0D4CYE4	1018	1	200	1	100	100%
A0A0D4CYG6	1019	1	200	1	100	100%
A0A0D4CYH5	1020	1	200	1	100	100%
A0A0D4CYW6	1021	1	200	1	100	100%
A0A0D4CYZ5	1022	1	200	1	100	100%
A0A0D4CZ92	1023	1	200	1	100	100%
A0A0D4CZA2	1024	1	200	1	100	100%
A0A0D4CZA6	1025	1	200	1	100	100%
A0A0D4CZD0	1026	1	200	1	100	100%
K9LL06	1027	1	200	1	100	100%
A0A076E672	1028	1	199	1	100	100%
A0A076E677	1029	1	199	1	100	100%
A0A076E682	1030	1	199	1	100	100%
A0A076E688	1031	1	199	1	100	100%
A0A076E7T5	1032	1	199	1	100	100%
A0A076E7U0	1033	1	199	1	100	100%
A0A076E7U5	1034	1	199	1	100	100%
A0A076E7V0	1035	1	199	1	100	100%
A0A076E9G2	1036	1	199	1	100	100%
A0A076E9G6	1037	1	199	1	100	100%
A0A076E9G9	1038	1	199	1	100	100%
A0A076E9H0	1039	1	199	1	100	100%
A0A076E9H5	1040	1	199	1	100	100%
A0A076E9H6	1041	1	199	1	100	100%
A0A076E9I1	1042	1	199	1	100	100%
A0A076E9I7	1043	1	199	1	100	100%
A0A076EDM9	1044	1	199	1	100	100%
A0A076EDN5	1045	1	199	1	100	100%
A0A076EDP3	1046	1	199	1	100	100%
A0A076EDP9	1047	1	199	1	100	100%
A0A0A0RH57	1048	1	199	1	100	100%
A0A0A0RH62	1049	1	199	1	100	100%
A0A0A0RH67	1050	1	199	1	100	100%
A0A0A0RH75	1051	1	199	1	100	100%
A0A0A0RHG5	1052	1	199	1	100	100%
A0A0A0RHH9	1053	1	199	1	100	100%
A0A0A0RI91	1054	1	199	1	100	100%
A0A0A0RIA0	1055	1	199	1	100	100%
A0A0A0RKU7	1056	1	199	1	100	100%
A0A0A0RKV4	1057	1	199	1	100	100%
A0A0A0RKW4	1058	1	199	1	100	100%
A0A0A0RKX0	1059	1	199	1	100	100%
A0A0A0RNV4	1060	1	199	1	100	100%
A0A0D4CY11	1061	1	199	1	100	100%
A0A0D4CY16	1062	1	199	1	100	100%
A0A0D4CY25	1063	1	199	1	100	100%
A0A0D4CY29	1064	1	199	1	100	100%
A0A0D4CY45	1065	1	199	1	100	100%
A0A0D4CY46	1066	1	199	1	100	100%
A0A0D4CY52	1067	1	199	1	100	100%
A0A0D4CY56	1068	1	199	1	100	100%
A0A0D4CY61	1069	1	199	1	100	100%
A0A0D4CY67	1070	1	199	1	100	100%
A0A0D4CY71	1071	1	199	1	100	100%
A0A0D4CY77	1072	1	199	1	100	100%
A0A0D4CY78	1073	1	199	1	100	100%
A0A0D4CY82	1074	1	199	1	100	100%
A0A0D4CY88	1075	1	199	1	100	100%
A0A0D4CY90	1076	1	199	1	100	100%
A0A0D4CY95	1077	1	199	1	100	100%
A0A0D4CY96	1078	1	199	1	100	100%
A0A0D4CYA0	1079	1	199	1	100	100%
A0A0D4CYA5	1080	1	199	1	100	100%
A0A0D4CYB1	1081	1	199	1	100	100%
A0A0D4CYB6	1082	1	199	1	100	100%
A0A0D4CYB7	1083	1	199	1	100	100%
A0A0D4CYC0	1084	1	199	1	100	100%
A0A0D4CYC5	1085	1	199	1	100	100%
A0A0D4CYC7	1086	1	199	1	100	100%
A0A0D4CYD5	1087	1	199	1	100	100%
A0A0D4CYD9	1088	1	199	1	100	100%
A0A0D4CYF0	1089	1	199	1	100	100%
A0A0D4CYF5	1090	1	199	1	100	100%
A0A0D4CYG1	1091	1	199	1	100	100%
A0A0D4CYH0	1092	1	199	1	100	100%
A0A0D4CYH9	1093	1	199	1	100	100%
A0A0D4CYQ7	1094	1	199	1	100	100%
A0A0D4CYR3	1095	1	199	1	100	100%
A0A0D4CYS8	1096	1	199	1	100	100%
A0A0D4CYT4	1097	1	199	1	100	100%
A0A0D4CYW0	1098	1	199	1	100	100%
A0A0D4CYX1	1099	1	199	1	100	100%
A0A0D4CYX5	1100	1	199	1	100	100%
A0A0D4CYX8	1101	1	199	1	100	100%
A0A0D4CYY2	1102	1	199	1	100	100%
A0A0D4CYZ0	1103	1	199	1	100	100%
A0A0D4CYZ9	1104	1	199	1	100	100%
A0A0D4CZ53	1105	1	199	1	100	100%
A0A0D4CZ64	1106	1	199	1	100	100%
A0A0D4CZ69	1107	1	199	1	100	100%
A0A0D4CZ90	1108	1	199	1	100	100%
A0A0D4CZ97	1109	1	199	1	100	100%
A0A0D4CZB0	1110	1	199	1	100	100%
A0A0D4CZB7	1111	1	199	1	100	100%
A0A0D4CZC1	1112	1	199	1	100	100%
A0A0D4CZC6	1113	1	199	1	100	100%
K9LJN2	1114	1	199	1	100	100%
K9LLK3	1115	1	199	1	100	100%
A0A0D4CY20	1116	1	198	1	100	100%
A0A0D4CY33	1117	1	198	1	100	100%
A0A0D4CY38	1118	1	198	1	100	100%
A0A0D4CY41	1119	1	198	1	100	100%
A0A0D4CY42	1120	1	198	1	100	100%
A0A0D4CY57	1121	1	198	1	100	100%
A0A0D4CY74	1122	1	198	1	100	100%
A0A0D4CY83	1123	1	198	1	100	100%
A0A0D4CY85	1124	1	198	1	100	100%
A0A0D4CY92	1125	1	198	1	100	100%
A0A0D4CY93	1126	1	198	1	100	100%
A0A0D4CYD0	1127	1	198	1	100	100%
A0A0D4CYR8	1128	1	198	1	100	100%
A0A0D4CYS3	1129	1	198	1	100	100%
A0A0D4CYU1	1130	1	198	1	100	100%
A0A0D4CYV1	1131	1	198	1	100	100%
A0A0D4CYV6	1132	1	198	1	100	100%
A0A0D4CYY6	1133	1	198	1	100	100%
A0A0D4CZ42	1134	1	198	1	100	100%
A0A0D4CZ59	1135	1	198	1	100	100%
A0A0D4CZ75	1136	1	198	1	100	100%
A0A0D4CZ80	1137	1	198	1	100	100%
A0A0D4CZ85	1138	1	198	1	100	100%
A0A0D4CY87	1139	1	197	1	100	100%
A0A136LVW2	1140	1	190	1	100	100%
E9LVI1	1141	1	190	1	100	100%
E9LVI2	1142	1	190	1	100	100%
E9LVI4	1143	1	190	1	100	100%
E9LVI5	1144	1	190	1	100	100%
E9LVI6	1145	1	190	1	100	100%
E9LVI7	1146	1	190	1	100	100%
E9LVJ0	1147	1	190	1	100	100%
E9LVJ4	1148	1	190	1	100	100%
E9LVJ5	1149	1	190	1	100	100%
E9LVJ6	1150	1	190	1	100	100%
E9LVJ8	1151	1	190	1	100	100%
E9LVJ9	1152	1	190	1	100	100%
E9LVK1	1153	1	190	1	100	100%
E9LVK2	1154	1	190	1	100	100%
E9LVK4	1155	1	190	1	100	100%
E9LVK6	1156	1	190	1	100	100%
E9LVK7	1157	1	190	1	100	100%
E9LVK8	1158	1	190	1	100	100%
E9LVK9	1159	1	190	1	100	100%
E9LVL4	1160	1	190	1	100	100%
E9LVL7	1161	1	190	1	100	100%
E9LVL8	1162	1	190	1	100	100%
E9LVM1	1163	1	190	1	100	100%
E9LVM2	1164	1	190	1	100	100%
E9LVM5	1165	1	190	1	100	100%
E9LVM6	1166	1	190	1	100	100%
E9LVM7	1167	1	190	1	100	100%
E9LVM8	1168	1	190	1	100	100%
E9LVM9	1169	1	190	1	100	100%
E9LVN0	1170	1	190	1	100	100%
E9LVN1	1171	1	190	1	100	100%
E9LVN2	1172	1	190	1	100	100%
E9LVN4	1173	1	190	1	100	100%
E9LVN9	1174	1	190	1	100	100%
E9LVP0	1175	1	190	1	100	100%
E9LVP7	1176	1	190	1	100	100%
E9LVP9	1177	1	190	1	100	100%
E9LVQ0	1178	1	190	1	100	100%
E9LVQ1	1179	1	190	1	100	100%
E9LVQ2	1180	1	190	1	100	100%
E9LVQ3	1181	1	190	1	100	100%
E9LVQ8	1182	1	190	1	100	100%
E9LVQ9	1183	1	190	1	100	100%
E9LVR1	1184	1	190	1	100	100%
E9LVR4	1185	1	190	1	100	100%
E9LVR5	1186	1	190	1	100	100%
E9LVR6	1187	1	190	1	100	100%
E9LVR7	1188	1	190	1	100	100%
E9LVR8	1189	1	190	1	100	100%
E9LVR9	1190	1	190	1	100	100%
E9LVS0	1191	1	190	1	100	100%
E9LVS1	1192	1	190	1	100	100%
E9LVS3	1193	1	190	1	100	100%
E9LVS6	1194	1	190	1	100	100%
E9LVS9	1195	1	190	1	100	100%
E9LVT1	1196	1	190	1	100	100%
E9LVT5	1197	1	190	1	100	100%
E9LVT6	1198	1	190	1	100	100%
E9LVT7	1199	1	190	1	100	100%
E9LVT8	1200	1	190	1	100	100%
E9LVT9	1201	1	190	1	100	100%
E9LVU1	1202	1	190	1	100	100%
E9LVU2	1203	1	190	1	100	100%
E9LVU3	1204	1	190	1	100	100%
E9LVU4	1205	1	190	1	100	100%
E9LVU5	1206	1	190	1	100	100%
E9LVU6	1207	1	190	1	100	100%
E9LVU7	1208	1	190	1	100	100%
E9LVU8	1209	1	190	1	100	100%
E9LVU9	1210	1	190	1	100	100%
E9LVV0	1211	1	190	1	100	100%
E9LVV1	1212	1	190	1	100	100%
E9LVV2	1213	1	190	1	100	100%
E9LVV3	1214	1	190	1	100	100%
E9LVV4	1215	1	190	1	100	100%
E9LVV5	1216	1	190	1	100	100%
E9LVV8	1217	1	190	1	100	100%
E9LVV9	1218	1	190	1	100	100%
E9LVW0	1219	1	190	1	100	100%
E9LVW1	1220	1	190	1	100	100%
E9LVW3	1221	1	190	1	100	100%
A0A136M1U9	1222	1	189	1	100	100%
K9LM10	1223	1	187	1	100	100%
K9LJS2	1224	1	186	1	100	100%
K9LKA8	1225	1	186	1	100	100%
A0A0D4CY51	1226	1	185	1	100	100%
L0C9L0	1227	1	185	1	100	100%
L0CAK2	1228	1	185	1	100	100%
L0CAK8	1229	1	185	1	100	100%
L0CB41	1230	1	185	1	100	100%
L0CB76	1231	1	185	1	100	100%
L0CB83	1232	1	185	1	100	100%
A0A0S2UX63	1233	1	184	1	100	100%
A0A0D4CY62	1234	1	183	1	100	100%
K9LLL2	1235	1	183	1	100	100%
A0A0S2UX52	1236	1	182	1	100	100%
A0A0S2UXV4	1237	1	174	1	100	100%
A0A0D4CYU6	1238	1	172	1	100	100%
A0A0S2UX27	1239	1	172	1	100	100%
A0A0S2UXC9	1240	1	170	1	100	100%
K9LJR6	1241	1	167	1	100	100%
A0A0S2UX07	1242	1	159	1	100	100%
A0A0S2UX57	1243	1	159	1	100	100%
A0A0S2UXF5	1244	1	159	1	100	100%
A0A0S2LL01	1245	1	157	1	100	100%
A0A0S2LL05	1246	1	157	1	100	100%
A0A0S2LLD2	1247	1	157	1	100	100%
B6EF33	1248	1	157	1	100	100%
G5CNZ3	1249	1	157	1	100	100%
G5CNZ9	1250	1	157	1	100	100%
G5CP00	1251	1	157	1	100	100%
H6V4Y6	1252	1	157	1	100	100%
H6V4Y7	1253	1	157	1	100	100%
H6V4Z1	1254	1	157	1	100	100%
A0A0S2LKS8	1255	1	156	1	100	100%
A0A0S2LL28	1256	1	156	1	100	100%
B6EF34	1257	1	156	1	100	100%
A0A0S2LKV4	1258	1	154	1	100	100%
A0A0S2LKV6	1259	1	154	1	100	100%
M1KJS8	1260	1	154	1	100	100%
M1L5L7	1261	1	154	1	100	100%
M1L5Q9	1262	1	154	1	100	100%
M1L5R4	1263	1	154	1	100	100%
M1LA57	1264	1	154	1	100	100%
M1LC93	1265	1	154	1	100	100%
M1LC98	1266	1	154	1	100	100%
M1LLS3	1267	1	154	1	100	100%
M1LLW0	1268	1	154	1	100	100%
M1LLX7	1269	1	154	1	100	100%
A0A0S2LKT1	1270	1	153	1	100	100%
A0A0S2LKV8	1271	1	153	1	100	100%
A0A0S2LKZ0	1272	1	153	1	100	100%
A0A0S2LL04	1273	1	151	1	100	100%
A0A0S2LL51	1274	1	151	1	100	100%
A0A0S2UX19	1275	1	151	1	100	100%
K9LL16	1276	1	146	1	100	100%
B6EF29	1277	1	145	1	100	100%
B6EF30	1278	1	145	1	100	100%
B6EF31	1279	1	144	1	100	100%
B6EF32	1280	1	144	1	100	100%
K9LJD5	1281	1	140	1	100	100%
K9LJH1	1282	1	140	1	100	100%
K9LJH5	1283	1	140	1	100	100%
K9LJZ8	1284	1	140	1	100	100%
K9LKU0	1285	1	140	1	100	100%
K9LL91	1286	1	140	1	100	100%
K9LL94	1287	1	140	1	100	100%
A0A0S2UX56	1288	1	139	1	100	100%
A0A0S2UXE9	1289	1	132	1	100	100%
A0A109VBQ6	1290	1	130	1	100	100%
A0A109VBS1	1291	1	130	1	100	100%
A0A109VBT2	1292	1	130	1	100	100%
A0A109VBT8	1293	1	130	1	100	100%
A0A109VBV5	1294	1	130	1	100	100%
A0A109VBW7	1295	1	130	1	100	100%
A0A109VBZ6	1296	1	130	1	100	100%
A0A109VC06	1297	1	130	1	100	100%
A0A109VC11	1298	1	130	1	100	100%
A0A109VC13	1299	1	130	1	100	100%
A0A109VC23	1300	1	130	1	100	100%
A0A109VC27	1301	1	130	1	100	100%
A0A109VC33	1302	1	130	1	100	100%
A0A109VC39	1303	1	130	1	100	100%
A0A109VC56	1304	1	130	1	100	100%
A0A109VC65	1305	1	130	1	100	100%
A0A109VC70	1306	1	130	1	100	100%
A0A109VC82	1307	1	130	1	100	100%
A0A109VC89	1308	1	130	1	100	100%
A0A109VC92	1309	1	130	1	100	100%
A0A109VC93	1310	1	130	1	100	100%
A0A109VCA3	1311	1	130	1	100	100%
A0A109VCA7	1312	1	130	1	100	100%
A0A109VCB3	1313	1	130	1	100	100%
A0A109VCB7	1314	1	130	1	100	100%
A0A109VCD2	1315	1	130	1	100	100%
A0A109VCE1	1316	1	130	1	100	100%
A0A109VCE2	1317	1	130	1	100	100%
A0A109VCF1	1318	1	130	1	100	100%
A0A109VCF6	1319	1	130	1	100	100%
A0A109VCG3	1320	1	130	1	100	100%
A0A109VCH2	1321	1	130	1	100	100%
A0A109VCH5	1322	1	130	1	100	100%
A0A109VCJ3	1323	1	130	1	100	100%
A0A109VCJ6	1324	1	130	1	100	100%
A0A109VCJ7	1325	1	130	1	100	100%
A0A109VCJ9	1326	1	130	1	100	100%
A0A109VCK0	1327	1	130	1	100	100%
A0A109VCK9	1328	1	130	1	100	100%
A0A109VCL0	1329	1	130	1	100	100%
A0A109VCL5	1330	1	130	1	100	100%
A0A109VCL9	1331	1	130	1	100	100%
A0A109VCN4	1332	1	130	1	100	100%
A0A109VCN6	1333	1	130	1	100	100%
A0A109VCP0	1334	1	130	1	100	100%
A0A109VCP7	1335	1	130	1	100	100%
A0A109VCQ1	1336	1	130	1	100	100%
A0A109VCQ2	1337	1	130	1	100	100%
A0A109VCQ4	1338	1	130	1	100	100%
A0A109VCR2	1339	1	130	1	100	100%
A0A109VCU8	1340	1	130	1	100	100%
A0A109VCU9	1341	1	130	1	100	100%
A0A109VCV4	1342	1	130	1	100	100%
A0A109VCW3	1343	1	130	1	100	100%
A0A109VCX6	1344	1	130	1	100	100%
A0A109VCY3	1345	1	130	1	100	100%
A0A109VCY5	1346	1	130	1	100	100%
A0A109VCY9	1347	1	130	1	100	100%
A0A109VCZ3	1348	1	130	1	100	100%
A0A109VCZ6	1349	1	130	1	100	100%
A0A109VCZ7	1350	1	130	1	100	100%
A0A109VD31	1351	1	130	1	100	100%
A0A109VD39	1352	1	130	1	100	100%
A0A109VD58	1353	1	130	1	100	100%
A0A109VD82	1354	1	130	1	100	100%
A0A109VDB8	1355	1	130	1	100	100%
A0A109VDD1	1356	1	130	1	100	100%
A0A109VDD9	1357	1	130	1	100	100%
A0A109VE12	1358	1	130	1	100	100%
A0A109VE20	1359	1	130	1	100	100%
A0A109VE36	1360	1	130	1	100	100%
A0A109VE41	1361	1	130	1	100	100%
A0A109VE59	1362	1	130	1	100	100%
A0A109VE75	1363	1	130	1	100	100%
A0A109VE86	1364	1	130	1	100	100%
A0A109VE97	1365	1	130	1	100	100%
A0A109VEB2	1366	1	130	1	100	100%
A0A109VEC3	1367	1	130	1	100	100%
A0A109VEF3	1368	1	130	1	100	100%
A0A109VEK6	1369	1	130	1	100	100%
A0A109VEL2	1370	1	130	1	100	100%
A0A109VEM0	1371	1	130	1	100	100%
A0A109VEP1	1372	1	130	1	100	100%
A0A109VES0	1373	1	130	1	100	100%
A0A109VEZ6	1374	1	130	1	100	100%
A0A120K8T6	1375	1	130	1	100	100%
A0A120K8U0	1376	1	130	1	100	100%
A0A120K8U4	1377	1	130	1	100	100%
A0A120K8U8	1378	1	130	1	100	100%
A0A120K8U9	1379	1	130	1	100	100%
A0A120K8V8	1380	1	130	1	100	100%
A0A120K8W0	1381	1	130	1	100	100%
A0A120K8W3	1382	1	130	1	100	100%
A0A120K8X5	1383	1	130	1	100	100%
A0A120K8X7	1384	1	130	1	100	100%
A0A120K8Y1	1385	1	130	1	100	100%
A0A120K8Y5	1386	1	130	1	100	100%
A0A120K8Y6	1387	1	130	1	100	100%
A0A120K8Z2	1388	1	130	1	100	100%
A0A120K8Z3	1389	1	130	1	100	100%
A0A120K8Z4	1390	1	130	1	100	100%
A0A120K8Z5	1391	1	130	1	100	100%
A0A120K903	1392	1	130	1	100	100%
A0A120K905	1393	1	130	1	100	100%
A0A120K906	1394	1	130	1	100	100%
A0A120K909	1395	1	130	1	100	100%
A0A120K913	1396	1	130	1	100	100%
A0A120K915	1397	1	130	1	100	100%
A0A120K916	1398	1	130	1	100	100%
A0A120K917	1399	1	130	1	100	100%
A0A120K925	1400	1	130	1	100	100%
A0A120K926	1401	1	130	1	100	100%
A0A120K927	1402	1	130	1	100	100%
A0A120K928	1403	1	130	1	100	100%
A0A120K930	1404	1	130	1	100	100%
A0A120K933	1405	1	130	1	100	100%
A0A120K936	1406	1	130	1	100	100%
A0A120K940	1407	1	130	1	100	100%
A0A120K941	1408	1	130	1	100	100%
A0A120K943	1409	1	130	1	100	100%
A0A120K945	1410	1	130	1	100	100%
A0A120K948	1411	1	130	1	100	100%
A0A120K949	1412	1	130	1	100	100%
A0A120K952	1413	1	130	1	100	100%
A0A120K958	1414	1	130	1	100	100%
A0A120K967	1415	1	130	1	100	100%
A0A120K969	1416	1	130	1	100	100%
A0A120K975	1417	1	130	1	100	100%
A0A120K976	1418	1	130	1	100	100%
A0A120K979	1419	1	130	1	100	100%
A0A120K982	1420	1	130	1	100	100%
A0A120K983	1421	1	130	1	100	100%
A0A120K987	1422	1	130	1	100	100%
A0A120K989	1423	1	130	1	100	100%
A0A120K995	1424	1	130	1	100	100%
A0A120K996	1425	1	130	1	100	100%
A0A120K997	1426	1	130	1	100	100%
A0A120K998	1427	1	130	1	100	100%
A0A120K9A1	1428	1	130	1	100	100%
A0A120K9B1	1429	1	130	1	100	100%
A0A120K9B2	1430	1	130	1	100	100%
A0A120K9B8	1431	1	130	1	100	100%
A0A120K9B9	1432	1	130	1	100	100%
A0A120K9C0	1433	1	130	1	100	100%
A0A120K9C3	1434	1	130	1	100	100%
A0A120K9C4	1435	1	130	1	100	100%
A0A120K9C5	1436	1	130	1	100	100%
A0A120K9D2	1437	1	130	1	100	100%
A0A125RIB7	1438	1	130	1	100	100%
A0A125RIB9	1439	1	130	1	100	100%
A0A125RIC7	1440	1	130	1	100	100%
A0A125RIC8	1441	1	130	1	100	100%
A0A125RIE2	1442	1	130	1	100	100%
A0A125RIE3	1443	1	130	1	100	100%
A0A125RIE4	1444	1	130	1	100	100%
A0A125RIE6	1445	1	130	1	100	100%
A0A125RIE7	1446	1	130	1	100	100%
A0A125RIE8	1447	1	130	1	100	100%
A0A125RIF3	1448	1	130	1	100	100%
A0A125RIG0	1449	1	130	1	100	100%
A0A125RIH0	1450	1	130	1	100	100%
A0A125RIH1	1451	1	130	1	100	100%
A0A125RIH2	1452	1	130	1	100	100%
A0A125RIH3	1453	1	130	1	100	100%
A0A125RIH4	1454	1	130	1	100	100%
A0A125RIH8	1455	1	130	1	100	100%
A0A125RIH9	1456	1	130	1	100	100%
A0A125RII0	1457	1	130	1	100	100%
A0A125RII1	1458	1	130	1	100	100%
A0A125RII2	1459	1	130	1	100	100%
A0A125RII3	1460	1	130	1	100	100%
A0A125RII6	1461	1	130	1	100	100%
A0A125RII7	1462	1	130	1	100	100%
A0A125RIJ0	1463	1	130	1	100	100%
A0A125RIJ2	1464	1	130	1	100	100%
A0A125RIK1	1465	1	130	1	100	100%
A0A125RIK2	1466	1	130	1	100	100%
A0A125RIK5	1467	1	130	1	100	100%
A0A125RIK6	1468	1	130	1	100	100%
A0A125RIK8	1469	1	130	1	100	100%
A0A125RIL0	1470	1	130	1	100	100%
A0A125RIL3	1471	1	130	1	100	100%
A0A125RIL4	1472	1	130	1	100	100%
A0A125RIL8	1473	1	130	1	100	100%
A0A125RIL9	1474	1	130	1	100	100%
A0A125RIM1	1475	1	130	1	100	100%
A0A125RIM4	1476	1	130	1	100	100%
A0A125RIN6	1477	1	130	1	100	100%
A0A109VBZ4	1478	1	129	1	100	100%
A0A109VC07	1479	1	129	1	100	100%
A0A109VC18	1480	1	129	1	100	100%
A0A109VCR9	1481	1	129	1	100	100%
A0A109VCU5	1482	1	129	1	100	100%
A0A109VD24	1483	1	129	1	100	100%
A0A109VD68	1484	1	129	1	100	100%
A0A109VDG4	1485	1	129	1	100	100%
A0A109VEA4	1486	1	129	1	100	100%
A0A109VET0	1487	1	129	1	100	100%
A0A120K8W5	1488	1	129	1	100	100%
A0A120K8Y3	1489	1	129	1	100	100%
A0A120K978	1490	1	129	1	100	100%
A0A120K985	1491	1	129	1	100	100%
A0A120K999	1492	1	129	1	100	100%
A0A120K9A8	1493	1	129	1	100	100%
A0A125RIC6	1494	1	129	1	100	100%
A0A125RIF8	1495	1	129	1	100	100%
A0A125RII4	1496	1	129	1	100	100%
A0A125RIN4	1497	1	129	1	100	100%
A0A125RIN7	1498	1	129	1	100	100%
A0A0A1E8M7	1499	1	128	1	100	100%
A0A0A1E8N6	1500	1	128	1	100	100%
A0A0A1E9M0	1501	1	128	1	100	100%
A0A0A1E9M4	1502	1	128	1	100	100%
A0A0A1E9M8	1503	1	128	1	100	100%
A0A0A1E9N7	1504	1	128	1	100	100%
A0A0A1EB41	1505	1	128	1	100	100%
A0A0A1EB49	1506	1	128	1	100	100%
A0A0A1EBB9	1507	1	128	1	100	100%
A0A0A1EDU5	1508	1	128	1	100	100%
A0A0A1EDW0	1509	1	128	1	100	100%
A0A0A1EDW8	1510	1	128	1	100	100%
A0A0H4CRG9	1511	1	128	1	100	100%
A0A0H4CRI1	1512	1	128	1	100	100%
A0A0H4CRK2	1513	1	128	1	100	100%
A0A0H4CRL2	1514	1	128	1	100	100%
A0A0H4CRL8	1515	1	128	1	100	100%
A0A0H4CRM4	1516	1	128	1	100	100%
A0A0H4CRN1	1517	1	128	1	100	100%
A0A0H4CRN6	1518	1	128	1	100	100%
A0A0H4CSB1	1519	1	128	1	100	100%
A0A0H4CSC8	1520	1	128	1	100	100%
A0A0H4CSD8	1521	1	128	1	100	100%
A0A0H4CSF3	1522	1	128	1	100	100%
A0A0H4CSG2	1523	1	128	1	100	100%
A0A0H4CSH8	1524	1	128	1	100	100%
A0A0H4CSI4	1525	1	128	1	100	100%
A0A0H4CUB4	1526	1	128	1	100	100%
A0A0H4CUB8	1527	1	128	1	100	100%
A0A0H4CUC2	1528	1	128	1	100	100%
A0A0H4CUC8	1529	1	128	1	100	100%
A0A0H4CUE2	1530	1	128	1	100	100%
A0A0H4CUF0	1531	1	128	1	100	100%
A0A0H4CUF3	1532	1	128	1	100	100%
A0A0H4CUJ5	1533	1	128	1	100	100%
A0A0H4CXF9	1534	1	128	1	100	100%
A0A0H4CXI8	1535	1	128	1	100	100%
A0A0H4CXJ4	1536	1	128	1	100	100%
A0A0H4CXK3	1537	1	128	1	100	100%
A0A0H4CXK7	1538	1	128	1	100	100%
A0A0H4CXM2	1539	1	128	1	100	100%
A0A0H4CXN3	1540	1	128	1	100	100%
A0A0H4CXN8	1541	1	128	1	100	100%
A0A0H4CXP4	1542	1	128	1	100	100%
A0A0H4CXP9	1543	1	128	1	100	100%
A0A0H4CYV7	1544	1	128	1	100	100%
A0A0H4CYX9	1545	1	128	1	100	100%
A0A0H4CZ12	1546	1	128	1	100	100%
A0A0H4CZ18	1547	1	128	1	100	100%
A0A109VBK1	1548	1	128	1	100	100%
A0A109VBZ0	1549	1	128	1	100	100%
A0A109VCB8	1550	1	128	1	100	100%
A0A109VCG2	1551	1	128	1	100	100%
A0A109VCN7	1552	1	128	1	100	100%
A0A109VCS3	1553	1	128	1	100	100%
A0A109VCT6	1554	1	128	1	100	100%
A0A109VCV0	1555	1	128	1	100	100%
A0A120K8V4	1556	1	128	1	100	100%
A0A120K8W1	1557	1	128	1	100	100%
A0A120K911	1558	1	128	1	100	100%
A0A120K980	1559	1	128	1	100	100%
A0A120K981	1560	1	128	1	100	100%
A0A120K9A5	1561	1	128	1	100	100%
A0A120K9A7	1562	1	128	1	100	100%
A0A120K9B5	1563	1	128	1	100	100%
A0A125RIC4	1564	1	128	1	100	100%
A0A125RIC5	1565	1	128	1	100	100%
A0A125RIG1	1566	1	128	1	100	100%
A0A1B2U7D3	1567	1	128	1	100	100%
A0A1B2U7D7	1568	1	128	1	100	100%
A0A1B2U7E3	1569	1	128	1	100	100%
A0A1B2U7F0	1570	1	128	1	100	100%
A0A1B2U7F1	1571	1	128	1	100	100%
A0A1B2U7F4	1572	1	128	1	100	100%
A0A1B2U7F6	1573	1	128	1	100	100%
A0A1B2U7G3	1574	1	128	1	100	100%
A0A1B2U7G7	1575	1	128	1	100	100%
A0A1B2U7H1	1576	1	128	1	100	100%
A0A1B2U7H3	1577	1	128	1	100	100%
A0A1B2U7I8	1578	1	128	1	100	100%
A0A1B2U7J1	1579	1	128	1	100	100%
A0A1L2DV07	1580	1	128	1	100	100%
A0A1L2DV09	1581	1	128	1	100	100%
A0A1L2DV17	1582	1	128	1	100	100%
A0A1L2DWY8	1583	1	128	1	100	100%
A0A1L2DY93	1584	1	128	1	100	100%
A0A1L2DYH8	1585	1	128	1	100	100%
A0A1L2DYS2	1586	1	128	1	100	100%
A0A1L2DZ05	1587	1	128	1	100	100%
A0A1L2DZ42	1588	1	128	1	100	100%
A0A1L2DZB8	1589	1	128	1	100	100%
A0A1L2DZC5	1590	1	128	1	100	100%
A0A1V0FZG1	1591	1	128	1	100	100%
A0A1V0FZG7	1592	1	128	1	100	100%
A0A1V0FZG8	1593	1	128	1	100	100%
A0A1V0FZH0	1594	1	128	1	100	100%
A0A1V0FZI5	1595	1	128	1	100	100%
A0A1W6S9E2	1596	1	128	1	100	100%
A0A1W6S9E4	1597	1	128	1	100	100%
A0A1W6S9F1	1598	1	128	1	100	100%
A0A1W6S9F2	1599	1	128	1	100	100%
H6UXQ8	1600	1	128	1	100	100%
H6UXQ9	1601	1	128	1	100	100%
H6UXR0	1602	1	128	1	100	100%
H6UXR1	1603	1	128	1	100	100%
H6UXR2	1604	1	128	1	100	100%
H6UXR3	1605	1	128	1	100	100%
H6UXR4	1606	1	128	1	100	100%
H6UXR5	1607	1	128	1	100	100%
H6UXR6	1608	1	128	1	100	100%
H6UXS0	1609	1	128	1	100	100%
H6UXS2	1610	1	128	1	100	100%
H6UXS3	1611	1	128	1	100	100%
H6UXS4	1612	1	128	1	100	100%
H6UXS5	1613	1	128	1	100	100%
H6UXS7	1614	1	128	1	100	100%
H6UXT4	1615	1	128	1	100	100%
H6UXT6	1616	1	128	1	100	100%
H6UXT8	1617	1	128	1	100	100%
H6UXT9	1618	1	128	1	100	100%
H6UXU1	1619	1	128	1	100	100%
H6UXU3	1620	1	128	1	100	100%
H6UXU4	1621	1	128	1	100	100%
H6UXU6	1622	1	128	1	100	100%
H6UXU7	1623	1	128	1	100	100%
H6UXU8	1624	1	128	1	100	100%
H6UXV2	1625	1	128	1	100	100%
H6UXV9	1626	1	128	1	100	100%
H6UXW0	1627	1	128	1	100	100%
H6UXW8	1628	1	128	1	100	100%
H6UXX1	1629	1	128	1	100	100%
H6UXX4	1630	1	128	1	100	100%
H6UXX5	1631	1	128	1	100	100%
H6UXX6	1632	1	128	1	100	100%
H6UXX8	1633	1	128	1	100	100%
H6UXY1	1634	1	128	1	100	100%
H6UXY5	1635	1	128	1	100	100%
H6UXY6	1636	1	128	1	100	100%
H6UXY7	1637	1	128	1	100	100%
H6UXY8	1638	1	128	1	100	100%
H6UXZ2	1639	1	128	1	100	100%
H6UXZ4	1640	1	128	1	100	100%
H6UXZ5	1641	1	128	1	100	100%
H6UXZ7	1642	1	128	1	100	100%
H6UY01	1643	1	128	1	100	100%
H6UY02	1644	1	128	1	100	100%
H6UY03	1645	1	128	1	100	100%
H6UY08	1646	1	128	1	100	100%
I6QMC3	1647	1	128	1	100	100%
I6QVX6	1648	1	128	1	100	100%
I6QVX9	1649	1	128	1	100	100%
W6FG17	1650	1	128	1	100	100%
W6FGG8	1651	1	128	1	100	100%
W6FGH8	1652	1	128	1	100	100%
W6FGI2	1653	1	128	1	100	100%
W6FGK1	1654	1	128	1	100	100%
W6FHS4	1655	1	128	1	100	100%
W6FHS8	1656	1	128	1	100	100%
W6FHT0	1657	1	128	1	100	100%
W6FHU3	1658	1	128	1	100	100%
A0A120K902	1659	1	127	1	100	100%
A0A109VEY2	1660	1	126	1	100	100%
A0A120K965	1661	1	126	1	100	100%
A0A120K971	1662	1	126	1	100	100%
A0A125RIG5	1663	1	126	1	100	100%
H6UXZ6	1664	1	126	1	100	100%
A0A0M3L9C0	1665	1	124	1	100	100%
A0A0M3L9K2	1666	1	124	1	100	100%
A0A0M3L9K6	1667	1	124	1	100	100%
A0A0M3L9R6	1668	1	124	1	100	100%
A0A0M3L9S6	1669	1	124	1	100	100%
A0A0M3L9T4	1670	1	124	1	100	100%
A0A0M3LAD5	1671	1	124	1	100	100%
A0A0M3LAG7	1672	1	124	1	100	100%
A0A0M3LAR6	1673	1	124	1	100	100%
A0A109VDF7	1674	1	124	1	100	100%
A0A120K9C1	1675	1	124	1	100	100%
A0A125RIF7	1676	1	124	1	100	100%
A0A125RIJ1	1677	1	124	1	100	100%
A0A109VC49	1678	1	123	1	100	100%
A0A109VCL8	1679	1	123	1	100	100%
A0A109VEN5	1680	1	123	1	100	100%
A0A120K8W9	1681	1	123	1	100	100%
A0A120K8X3	1682	1	123	1	100	100%
A0A120K900	1683	1	123	1	100	100%
A0A125RID1	1684	1	123	1	100	100%
A0A125RIG9	1685	1	123	1	100	100%
B6EF26	1686	1	123	1	100	100%
A0A109VCR4	1687	1	122	1	100	100%
A0A1Y0BT02	1688	1	122	1	100	100%
B6EF27	1689	1	120	1	100	100%
A0A109VCL1	1690	1	119	1	100	100%
A0A120K950	1691	1	118	1	100	100%
A0A0S2UX70	1692	1	117	1	100	100%
A0A1W6S970	1693	1	116	1	100	100%
A0A1W6S993	1694	1	116	1	100	100%
A0A1W6S996	1695	1	116	1	100	100%
A0A1W6S997	1696	1	116	1	100	100%
A0A1W6S9A5	1697	1	116	1	100	100%
A0A1W6S9A7	1698	1	116	1	100	100%
A0A1W6S9A8	1699	1	116	1	100	100%
A0A1W6S9A9	1700	1	116	1	100	100%
A0A1W6S9B0	1701	1	116	1	100	100%
A0A1W6S9B1	1702	1	116	1	100	100%
A0A1W6S9B9	1703	1	116	1	100	100%
A0A1W6S9C0	1704	1	116	1	100	100%
A0A1W6S9C1	1705	1	116	1	100	100%
A0A1W6S9C3	1706	1	116	1	100	100%
A0A1W6S9C8	1707	1	116	1	100	100%
A0A1W6S9D0	1708	1	116	1	100	100%
A0A1W6S9D9	1709	1	116	1	100	100%
A0A109VC81	1710	1	115	1	100	100%
A0A125RIF6	1711	1	115	1	100	100%
A0A1D8GT84	1712	1	115	1	100	100%
A0A1D8GT87	1713	1	115	1	100	100%
A0A1D8GT88	1714	1	115	1	100	100%
A0A1D8GTA0	1715	1	115	1	100	100%
A0A1D8GTA1	1716	1	115	1	100	100%
A0A1D8GTA2	1717	1	115	1	100	100%
A0A1D8GTA4	1718	1	115	1	100	100%
A0A1D8GTB1	1719	1	115	1	100	100%
A0A1D8GTB2	1720	1	115	1	100	100%
A0A0N7GF61	1721	1	111	1	100	100%
A0A0N7GF62	1722	1	111	1	100	100%
A0A0N9RPQ7	1723	1	111	1	100	100%
A0A0N9RRT6	1724	1	111	1	100	100%
A0A0N9RRW3	1725	1	111	1	100	100%
A0A0N9RXR1	1726	1	111	1	100	100%
A0A0N9S5Y8	1727	1	111	1	100	100%
A0A0N9SER2	1728	1	111	1	100	100%
A0A0N9SFM4	1729	1	111	1	100	100%
A0A0N9SFN9	1730	1	111	1	100	100%
A0A0N9SFQ8	1731	1	111	1	100	100%
A0A0N9SH06	1732	1	111	1	100	100%
A0A0N9SH12	1733	1	111	1	100	100%
A0A0N9SHX1	1734	1	111	1	100	100%
A0A0N9SHY3	1735	1	111	1	100	100%
A0A0N9SIC3	1736	1	111	1	100	100%
A0A0N9SID3	1737	1	111	1	100	100%
A0A0N9SQV5	1738	1	111	1	100	100%
A0A0N9SQY3	1739	1	111	1	100	100%
A0A109VEM5	1740	1	111	1	100	100%
A0A1B2U780	1741	1	111	1	100	100%
A0A1B2U784	1742	1	111	1	100	100%
A0A1B2U785	1743	1	111	1	100	100%
A0A1B2U789	1744	1	111	1	100	100%
A0A1B2U794	1745	1	111	1	100	100%
A0A1B2U7A2	1746	1	111	1	100	100%
A0A1B2U7A5	1747	1	111	1	100	100%
A0A1B2U7B2	1748	1	111	1	100	100%
A0A1B2U7B7	1749	1	111	1	100	100%
A0A1B2U7C8	1750	1	111	1	100	100%
A0A1B2U7E1	1751	1	111	1	100	100%
A0A1B2U7E9	1752	1	111	1	100	100%
A0A1B2U7F2	1753	1	111	1	100	100%
A0A1B2U7J9	1754	1	111	1	100	100%
A0A1B2U7K4	1755	1	111	1	100	100%
A0A1B2U7L2	1756	1	111	1	100	100%
A0A1B2U7L4	1757	1	111	1	100	100%
A0A1B2U7L7	1758	1	111	1	100	100%
A0A1B2U7M0	1759	1	111	1	100	100%
A0A1B2U7M8	1760	1	111	1	100	100%
A0A1B2U7P7	1761	1	111	1	100	100%
A0A1B2U7Q1	1762	1	111	1	100	100%
A0A1B2U7R1	1763	1	111	1	100	100%
A0A1B2U7R5	1764	1	111	1	100	100%
A0A1B2U7R6	1765	1	111	1	100	100%
A0A1B2U7R8	1766	1	111	1	100	100%
A0A1B2U7R9	1767	1	111	1	100	100%
A0A1B2U7S2	1768	1	111	1	100	100%
A0A1B2U7S9	1769	1	111	1	100	100%
A0A1B2U7T3	1770	1	111	1	100	100%
K9LJI3	1771	1	111	1	100	100%
W6FFY4	1772	1	111	1	100	100%
W6FG01	1773	1	111	1	100	100%
W6FG07	1774	1	111	1	100	100%
W6FGB9	1775	1	111	1	100	100%
W6FGC9	1776	1	111	1	100	100%
W6FGE7	1777	1	111	1	100	100%
W6FGF5	1778	1	111	1	100	100%
W6FHP1	1779	1	111	1	100	100%
W6FHQ1	1780	1	111	1	100	100%
W6FHQ5	1781	1	111	1	100	100%
W6FHR5	1782	1	111	1	100	100%
W6FJ23	1783	1	111	1	100	100%
W6FJ32	1784	1	111	1	100	100%
W6FJ46	1785	1	111	1	100	100%
W6FJ51	1786	1	111	1	100	100%
W6FTH4	1787	1	111	1	100	100%
W6FTJ3	1788	1	111	1	100	100%
W6FTJ7	1789	1	111	1	100	100%
W6FTK0	1790	1	111	1	100	100%
W6FTK4	1791	1	111	1	100	100%
W6FTK8	1792	1	111	1	100	100%
A0A109VCM9	1793	1	110	1	100	100%
A0A109VCS1	1794	1	110	1	100	100%
A0A109VDE8	1795	1	110	1	100	100%
A0A120K963	1796	1	110	1	100	100%
A0A120K9C9	1797	1	110	1	100	100%
A0A125RIF1	1798	1	110	1	100	100%
A0A125RIL7	1799	1	110	1	100	100%
A0A120K8W6	1800	1	109	1	100	100%
A0A125RIG4	1801	1	109	1	100	100%
A0A1B2U7P5	1802	1	109	1	100	100%
A0A0X8IFQ4	1803	1	108	1	100	100%
A0A0X8IFQ6	1804	1	108	1	100	100%
A0A0X8IFR3	1805	1	108	1	100	100%
A0A0X8IFR7	1806	1	108	1	100	100%
A0A0X8IFR8	1807	1	108	1	100	100%
A0A0X8IFS2	1808	1	108	1	100	100%
A0A0X8IFT3	1809	1	108	1	100	100%
A0A0X8IFT9	1810	1	108	1	100	100%
A0A0X8IFX9	1811	1	108	1	100	100%
A0A0X8IFY9	1812	1	108	1	100	100%
A0A0X8IFZ5	1813	1	108	1	100	100%
A0A0X8IG01	1814	1	108	1	100	100%
A0A0X8IG06	1815	1	108	1	100	100%
A0A0X8IG08	1816	1	108	1	100	100%
A0A0X8IG09	1817	1	108	1	100	100%
A0A0X8IG16	1818	1	108	1	100	100%
A0A0X8IG17	1819	1	108	1	100	100%
A0A0X8IG19	1820	1	108	1	100	100%
A0A0X8IG20	1821	1	108	1	100	100%
A0A0X8IG21	1822	1	108	1	100	100%
A0A0X8IG23	1823	1	108	1	100	100%
A0A0X8IG25	1824	1	108	1	100	100%
A0A0X8IG26	1825	1	108	1	100	100%
A0A0X8IG29	1826	1	108	1	100	100%
A0A0X8IG30	1827	1	108	1	100	100%
A0A0X8IG33	1828	1	108	1	100	100%
A0A0X8IG38	1829	1	108	1	100	100%
A0A0X8IG39	1830	1	108	1	100	100%
A0A0X8IG40	1831	1	108	1	100	100%
A0A0X8IG41	1832	1	108	1	100	100%
A0A0X8IG45	1833	1	108	1	100	100%
A0A0X8IG49	1834	1	108	1	100	100%
A0A0X8IG50	1835	1	108	1	100	100%
A0A0X8IG51	1836	1	108	1	100	100%
A0A0X8IG57	1837	1	108	1	100	100%
A0A0X8IG58	1838	1	108	1	100	100%
A0A0X8IG60	1839	1	108	1	100	100%
A0A0X8IG67	1840	1	108	1	100	100%
A0A0X8IG72	1841	1	108	1	100	100%
A0A0X8IG74	1842	1	108	1	100	100%
A0A0X8IG75	1843	1	108	1	100	100%
A0A0X8IG80	1844	1	108	1	100	100%
A0A0X8IG83	1845	1	108	1	100	100%
A0A0X8IG84	1846	1	108	1	100	100%
A0A0X8IG88	1847	1	108	1	100	100%
A0A0X8IG93	1848	1	108	1	100	100%
A0A0X8IG94	1849	1	108	1	100	100%
A0A0X8IGA7	1850	1	108	1	100	100%
A0A0X8IGA9	1851	1	108	1	100	100%
A0A0X8IGB0	1852	1	108	1	100	100%
A0A0X8IGB5	1853	1	108	1	100	100%
A0A0X8IGB7	1854	1	108	1	100	100%
A0A0X8IGC0	1855	1	108	1	100	100%
A0A0X8IGC2	1856	1	108	1	100	100%
A0A0X8IGC3	1857	1	108	1	100	100%
A0A0X8IGC5	1858	1	108	1	100	100%
A0A0X8IGC7	1859	1	108	1	100	100%
A0A0X8IGC9	1860	1	108	1	100	100%
A0A0X8IGD3	1861	1	108	1	100	100%
A0A0X8IGD5	1862	1	108	1	100	100%
A0A0X8IGD6	1863	1	108	1	100	100%
A0A0X8IGE6	1864	1	108	1	100	100%
A0A0X8IGE8	1865	1	108	1	100	100%
A0A0X8IGF4	1866	1	108	1	100	100%
A0A0X8IGF7	1867	1	108	1	100	100%
A0A0X8IGG1	1868	1	108	1	100	100%
A0A0X8IGG2	1869	1	108	1	100	100%
A0A0X8IGG5	1870	1	108	1	100	100%
A0A0X8IGG6	1871	1	108	1	100	100%
A0A0X8IGG8	1872	1	108	1	100	100%
A0A0X8IGH1	1873	1	108	1	100	100%
A0A0X8IGH6	1874	1	108	1	100	100%
A0A0X8IGH7	1875	1	108	1	100	100%
A0A0X8IGI6	1876	1	108	1	100	100%
A0A0X8IGI7	1877	1	108	1	100	100%
A0A0X8IGI9	1878	1	108	1	100	100%
A0A0X8IGJ2	1879	1	108	1	100	100%
A0A0X8IGJ8	1880	1	108	1	100	100%
A0A0X8IGJ9	1881	1	108	1	100	100%
A0A0X8IGK2	1882	1	108	1	100	100%
A0A0X8IGK3	1883	1	108	1	100	100%
A0A0X8IGK4	1884	1	108	1	100	100%
A0A0X8IGK6	1885	1	108	1	100	100%
A0A0X8IGL1	1886	1	108	1	100	100%
A0A0X8IGL3	1887	1	108	1	100	100%
A0A0X8IGM3	1888	1	108	1	100	100%
A0A0X8IGN2	1889	1	108	1	100	100%
A0A0X8IGN9	1890	1	108	1	100	100%
A0A0X8IGP9	1891	1	108	1	100	100%
A0A0X8IGQ3	1892	1	108	1	100	100%
A0A0X8IGS2	1893	1	108	1	100	100%
A0A0X8IGT0	1894	1	108	1	100	100%
A0A0X8IGU0	1895	1	108	1	100	100%
A0A0X8IGV0	1896	1	108	1	100	100%
A0A0X8IGV3	1897	1	108	1	100	100%
A0A0X8IH08	1898	1	108	1	100	100%
A0A0X8IHR6	1899	1	108	1	100	100%
A0A0X8IHS6	1900	1	108	1	100	100%
A0A0X8IHS9	1901	1	108	1	100	100%
A0A0X8IHT1	1902	1	108	1	100	100%
A0A0X8IHT3	1903	1	108	1	100	100%
A0A0X8IHT5	1904	1	108	1	100	100%
A0A0X8IHW2	1905	1	108	1	100	100%
A0A0X8IHY3	1906	1	108	1	100	100%
A0A0X8II03	1907	1	108	1	100	100%
A0A0X8II11	1908	1	108	1	100	100%
A0A120K9H7	1909	1	108	1	100	100%
A0A120K9J1	1910	1	108	1	100	100%
A0A125RIN8	1911	1	108	1	100	100%
A0A125RIP2	1912	1	108	1	100	100%
A0A125RIP4	1913	1	108	1	100	100%
A0A125RIP5	1914	1	108	1	100	100%
A0A125RIP6	1915	1	108	1	100	100%
A0A125RIS1	1916	1	108	1	100	100%
A0A125RIS4	1917	1	108	1	100	100%
A0A125RIS7	1918	1	108	1	100	100%
A0A125RIS9	1919	1	108	1	100	100%
A0A125RIT0	1920	1	108	1	100	100%
A0A125RIT2	1921	1	108	1	100	100%
A0A125RIT4	1922	1	108	1	100	100%
A0A125RIU1	1923	1	108	1	100	100%
A0A125RIU3	1924	1	108	1	100	100%
A0A125RIU6	1925	1	108	1	100	100%
A0A125RIU7	1926	1	108	1	100	100%
A0A125RIU8	1927	1	108	1	100	100%
A0A125RIV0	1928	1	108	1	100	100%
A0A125RIV2	1929	1	108	1	100	100%
A0A125RIV3	1930	1	108	1	100	100%
A0A125RIV5	1931	1	108	1	100	100%
A0A125RIW5	1932	1	108	1	100	100%
A0A125RIX5	1933	1	108	1	100	100%
A0A125RIY0	1934	1	108	1	100	100%
A0A125RIY1	1935	1	108	1	100	100%
A0A125RIY2	1936	1	108	1	100	100%
A0A125RIY3	1937	1	108	1	100	100%
A0A125RIY4	1938	1	108	1	100	100%
A0A125RIY6	1939	1	108	1	100	100%
A0A125RIY8	1940	1	108	1	100	100%
A0A125RIZ1	1941	1	108	1	100	100%
A0A125RIZ2	1942	1	108	1	100	100%
A0A125RIZ3	1943	1	108	1	100	100%
A0A125RIZ6	1944	1	108	1	100	100%
A0A125RIZ8	1945	1	108	1	100	100%
A0A125RIZ9	1946	1	108	1	100	100%
A0A125RJ01	1947	1	108	1	100	100%
A0A125RJ03	1948	1	108	1	100	100%
A0A125RJ06	1949	1	108	1	100	100%
A0A125RJ07	1950	1	108	1	100	100%
A0A125RJ09	1951	1	108	1	100	100%
A0A125RJ13	1952	1	108	1	100	100%
A0A125RJ15	1953	1	108	1	100	100%
A0A125RJ17	1954	1	108	1	100	100%
A0A125RJ21	1955	1	108	1	100	100%
A0A125RJ27	1956	1	108	1	100	100%
A0A125RJ35	1957	1	108	1	100	100%
A0A125RJ36	1958	1	108	1	100	100%
A0A1B2U7K3	1959	1	108	1	100	100%
A0A0X8IFS9	1960	1	107	1	100	100%
A0A0X8IFT8	1961	1	107	1	100	100%
A0A0X8IFU1	1962	1	107	1	100	100%
A0A0X8IFU9	1963	1	107	1	100	100%
A0A0X8IFW2	1964	1	107	1	100	100%
A0A0X8IFW8	1965	1	107	1	100	100%
A0A0X8IFX0	1966	1	107	1	100	100%
A0A0X8IFX5	1967	1	107	1	100	100%
A0A0X8IGB2	1968	1	107	1	100	100%
A0A0X8IHQ9	1969	1	107	1	100	100%
A0A0X8IHR2	1970	1	107	1	100	100%
A0A120K9F1	1971	1	107	1	100	100%
A0A125RIP7	1972	1	107	1	100	100%
A0A125RIP8	1973	1	107	1	100	100%
A0A125RIQ1	1974	1	107	1	100	100%
A0A125RIQ2	1975	1	107	1	100	100%
A0A125RIQ6	1976	1	107	1	100	100%
A0A0X8IHN5	1977	1	105	1	100	100%
A0A125RJ26	1978	1	102	1	100	100%
A0A0S2UXQ7	1979	1	101	1	100	100%
A0A0X8IFW7	1980	1	99	1	100	100%
H8WVA2	1981	1	99	1	100	100%
A0A0X8IFY2	1982	1	98	1	100	100%
A0A0X8IFS7	1983	1	97	1	100	100%
A0A0X8IFT7	1984	1	97	1	100	100%
A0A0X8IFY5	1985	1	97	1	100	100%
A0A0X8IFZ2	1986	1	97	1	100	100%
A0A0X8IFZ8	1987	1	97	1	100	100%
A0A0X8IG86	1988	1	97	1	100	100%
A0A0X8IG87	1989	1	97	1	100	100%
A0A0X8IG96	1990	1	97	1	100	100%
A0A0X8IGQ9	1991	1	97	1	100	100%
A0A125RIV1	1992	1	97	1	100	100%
A0A0X8IG11	1993	1	96	1	100	100%
A0A0X8IG18	1994	1	96	1	100	100%
A0A0X8IG98	1995	1	96	1	100	100%
A0A0X8IGA5	1996	1	96	1	100	100%
A0A0X8IGR9	1997	1	96	1	100	100%
A0A0X8IFS4	1998	1	95	1	100	100%
A0A0X8IFZ0	1999	1	95	1	100	100%
A0A0X8IG76	2000	1	95	1	100	100%
A0A125RIV6	2001	1	94	1	100	100%
A0A097I354	2002	1	87	1	100	100%
A0A097I359	2003	1	87	1	100	100%
A0A097I361	2004	1	87	1	100	100%
A0A097I362	2005	1	87	1	100	100%
A0A097I368	2006	1	87	1	100	100%
A0A0D5BEL4	2007	1	87	1	100	100%
A0A0D5BEM3	2008	1	87	1	100	100%
A0A0D5BEQ3	2009	1	87	1	100	100%
A0A0D5BET4	2010	1	87	1	100	100%
A0A0D5BEV3	2011	1	87	1	100	100%
A0A0D5BF93	2012	1	87	1	100	100%
A0A0D5BF96	2013	1	87	1	100	100%
A0A0D5BFA1	2014	1	87	1	100	100%
A0A0D5BFA9	2015	1	87	1	100	100%
A0A0D5BFB1	2016	1	87	1	100	100%
A0A0D5BFB8	2017	1	87	1	100	100%
A0A0D5BFC4	2018	1	87	1	100	100%
A0A0D5BFC9	2019	1	87	1	100	100%
A0A0D5BFD0	2020	1	87	1	100	100%
A0A0D5BFD5	2021	1	87	1	100	100%
A0A0D5BFD7	2022	1	87	1	100	100%
A0A0D5BFE0	2023	1	87	1	100	100%
A0A0D5BFE1	2024	1	87	1	100	100%
A0A0D5BFF8	2025	1	87	1	100	100%
K9LJH4	2026	1	78	1	100	100%
K9LJC1	2027	1	77	1	100	100%
A0A142GWF8	2028	1	74	1	100	100%
A0A142GWF9	2029	1	74	1	100	100%
A0A142GWG9	2030	1	74	1	100	100%
A0A142GWH2	2031	1	74	1	100	100%
A0A142GWH3	2032	1	74	1	100	100%
A0A142GWH8	2033	1	74	1	100	100%
A0A142GWI0	2034	1	74	1	100	100%
A0A142GWI1	2035	1	74	1	100	100%
A0A142GWI4	2036	1	74	1	100	100%
A0A142GWI5	2037	1	74	1	100	100%
A0A142GWI7	2038	1	74	1	100	100%
A0A142GWJ0	2039	1	74	1	100	100%
A0A142GWK1	2040	1	74	1	100	100%
A0A142GWK4	2041	1	74	1	100	100%
A0A142GWK7	2042	1	74	1	100	100%
A0A142GWL0	2043	1	74	1	100	100%
A0A142GWL1	2044	1	74	1	100	100%
A0A142GWL5	2045	1	74	1	100	100%
A0A142GWL7	2046	1	74	1	100	100%
A0A142GWL8	2047	1	74	1	100	100%
A0A142GWL9	2048	1	74	1	100	100%
A0A142GWM0	2049	1	74	1	100	100%
A0A142GWM3	2050	1	74	1	100	100%
A0A142GWM5	2051	1	74	1	100	100%
A0A142GWM8	2052	1	74	1	100	100%
A0A142GWM9	2053	1	74	1	100	100%
A0A142GWN1	2054	1	74	1	100	100%
A0A142GWN4	2055	1	74	1	100	100%
A0A142GWP4	2056	1	74	1	100	100%
A0A142GWP8	2057	1	74	1	100	100%
A0A142GWQ4	2058	1	74	1	100	100%
A0A142GWQ5	2059	1	74	1	100	100%
K9LK26	2060	1	73	1	100	100%
K9LK60	2061	1	71	1	100	100%
K9LLC3	2062	1	71	1	100	100%
K9LJI5	2063	1	70	1	100	100%
K9LJL6	2064	1	70	1	100	100%
K9LK33	2065	1	70	1	100	100%
K9LK58	2066	1	70	1	100	100%
K9LK66	2067	1	70	1	100	100%
K9LKV1	2068	1	70	1	100	100%
K9LKW6	2069	1	70	1	100	100%
K9LL31	2070	1	70	1	100	100%
K9LLC6	2071	1	70	1	100	100%
K9LLG1	2072	1	70	1	100	100%
K9LJE8	2073	1	69	1	100	100%
K9LJF0	2074	1	69	1	100	100%
K9LJI7	2075	1	69	1	100	100%
K9LJP5	2076	1	69	1	100	100%
K9LJQ1	2077	1	69	1	100	100%
K9LJT2	2078	1	69	1	100	100%
K9LJT5	2079	1	69	1	100	100%
K9LJT9	2080	1	69	1	100	100%
K9LJU2	2081	1	69	1	100	100%
K9LK56	2082	1	69	1	100	100%
K9LKB8	2083	1	69	1	100	100%
K9LKC4	2084	1	69	1	100	100%
K9LKC7	2085	1	69	1	100	100%
K9LKU6	2086	1	69	1	100	100%
K9LKW7	2087	1	69	1	100	100%
K9LL34	2088	1	69	1	100	100%
K9LLL8	2089	1	69	1	100	100%
K9LLM9	2090	1	69	1	100	100%
K9LJF5	2091	1	68	1	100	100%
K9LJJ5	2092	1	68	1	100	100%
K9LJL9	2093	1	68	1	100	100%
K9LJZ7	2094	1	68	1	100	100%
K9LK22	2095	1	68	1	100	100%
K9LK29	2096	1	68	1	100	100%
K9LLB4	2097	1	68	1	100	100%
K9LLM5	2098	1	68	1	100	100%
K9LJF3	2099	1	67	1	100	100%
K9LL21	2100	1	67	1	100	100%
B6EF28	2101	1	64	1	100	100%
A0A136M7G5	2102	1	43	1	100	100%
