id	clstr	clstr_size	length	clstr_rep	clstr_iden	clstr_cov
1565129.JSFF0100000	0	1	765	1	100	100%
401526.TcarDRAFT_07	1	1	765	1	100	100%
94122.Shewana3_3619	2	1	764	1	100	100%
sbm:Shew185_0531	3	1	764	1	100	100%
sbn:Sbal195_0555	4	1	764	1	100	100%
she:Shewmr4_3444	5	1	764	1	100	100%
shm:Shewmr7_0507	6	1	764	1	100	100%
1236541.BALL0100004	7	1	763	1	100	100%
24375549	8	1	760	1	100	100%
318167.Sfri_1999	9	1	760	1	100	100%
323850.Shew_0608	10	1	760	1	100	100%
326297.Sama_3177	11	1	760	1	100	100%
425104.Ssed_4047	12	1	760	1	100	100%
sbb:Sbal175_0622	13	1	760	1	100	100%
sbj:CF168_02695	14	1	760	1	100	100%
sbp:Sbal223_0559	15	1	760	1	100	100%
shew:CKQ84_11085	16	1	760	1	100	100%
shf:CEQ32_19375	17	1	760	1	100	100%
shp:Sput200_0542	18	1	760	1	100	100%
smav:CFF01_02980	19	1	760	1	100	100%
WP_037422510.1	20	1	760	1	100	100%
WP_039978443.1	21	1	760	1	100	100%
WP_047536320.1	22	1	760	1	100	100%
WP_055647069.1	23	1	760	1	100	100%
WP_069454223.1	24	1	760	1	100	100%
WP_101031587.1	25	1	760	1	100	100%
WP_115138739.1	26	1	760	1	100	100%
WP_124011450.1	27	1	760	1	100	100%
WP_124730919.1	28	1	760	1	100	100%
WP_126506260.1	29	1	760	1	100	100%
WP_133178343.1	30	1	760	1	100	100%
WP_137227093.1	31	1	760	1	100	100%
WP_140234220.1	32	1	760	1	100	100%
WP_140907416.1	33	1	760	1	100	100%
WP_140933954.1	34	1	760	1	100	100%
WP_144344840.1	35	1	760	1	100	100%
WP_144376285.1	36	1	760	1	100	100%
1005999.GLGR_1729	37	1	759	1	100	100%
1111728.ATYS0100001	38	1	759	1	100	100%
308051340	39	1	759	1	100	100%
667121.ET1_05_01400	40	1	759	1	100	100%
edl:AAZ33_09395	41	1	759	1	100	100%
edw:QY76_11045	42	1	759	1	100	100%
eho:A9798_08680	43	1	759	1	100	100%
etc:ETAC_08455	44	1	759	1	100	100%
I2AWF5	45	1	759	1	100	100%
lri:NCTC12151_02197	46	1	759	1	100	100%
phau:PH4a_01215	47	1	759	1	100	100%
pvg:CRN77_09800	48	1	759	1	100	100%
salg:BS332_04285	49	1	759	1	100	100%
WP_004243777.1	50	1	759	1	100	100%
WP_004248412.1	51	1	759	1	100	100%
WP_004250656.1	52	1	759	1	100	100%
WP_012368115.1	53	1	759	1	100	100%
WP_012848683.1	54	1	759	1	100	100%
WP_017627977.1	55	1	759	1	100	100%
WP_017827877.1	56	1	759	1	100	100%
WP_036895295.1	57	1	759	1	100	100%
WP_036900211.1	58	1	759	1	100	100%
WP_036907778.1	59	1	759	1	100	100%
WP_036912585.1	60	1	759	1	100	100%
WP_036935481.1	61	1	759	1	100	100%
WP_041701188.1	62	1	759	1	100	100%
WP_049200742.1	63	1	759	1	100	100%
WP_060557991.1	64	1	759	1	100	100%
WP_060961328.1	65	1	759	1	100	100%
WP_063108431.1	66	1	759	1	100	100%
WP_069367885.1	67	1	759	1	100	100%
WP_069578667.1	68	1	759	1	100	100%
WP_074561511.1	69	1	759	1	100	100%
WP_074923852.1	70	1	759	1	100	100%
WP_094960108.1	71	1	759	1	100	100%
WP_104836553.1	72	1	759	1	100	100%
WP_109392218.1	73	1	759	1	100	100%
WP_109396415.1	74	1	759	1	100	100%
WP_109399869.1	75	1	759	1	100	100%
WP_109407170.1	76	1	759	1	100	100%
WP_109745812.1	77	1	759	1	100	100%
WP_109847171.1	78	1	759	1	100	100%
WP_112843119.1	79	1	759	1	100	100%
WP_113977092.1	80	1	759	1	100	100%
WP_124725279.1	81	1	759	1	100	100%
WP_129765431.1	82	1	759	1	100	100%
WP_136499303.1	83	1	759	1	100	100%
WP_136862782.1	84	1	759	1	100	100%
WP_150024393.1	85	1	759	1	100	100%
WP_152110462.1	86	1	759	1	100	100%
1005994.GTGU_03883	87	1	758	1	100	100%
1197719.A464_2189	88	1	758	1	100	100%
1336233.JAEH0100004	89	1	758	1	100	100%
225849.swp_1238	90	1	758	1	100	100%
238919750	91	1	758	1	100	100%
398579.Spea_3039	92	1	758	1	100	100%
458817.Shal_3127	93	1	758	1	100	100%
A0A2L1K4C9	94	1	758	1	100	100%
A0A2L1K4D9	95	1	758	1	100	100%
A0A2L1K4E4	96	1	758	1	100	100%
A0A3J4MMI8	97	1	758	1	100	100%
A0A3J4PNU8	98	1	758	1	100	100%
A0A3K9B4U1	99	1	758	1	100	100%
A0A3Q9L4Q4	100	1	758	1	100	100%
A0A3R0C017	101	1	758	1	100	100%
A0A3R0XSN9	102	1	758	1	100	100%
A0A3R1AJB8	103	1	758	1	100	100%
A0A3U7BSF6	104	1	758	1	100	100%
A0A3V2N1Y0	105	1	758	1	100	100%
A0A3V2QV92	106	1	758	1	100	100%
A0A3V2SLS6	107	1	758	1	100	100%
A0A3V2XRA5	108	1	758	1	100	100%
A0A3V3PDB4	109	1	758	1	100	100%
A0A3V3RWE4	110	1	758	1	100	100%
A0A3V3XGR4	111	1	758	1	100	100%
A0A3V4R5M2	112	1	758	1	100	100%
A0A3V5MG33	113	1	758	1	100	100%
A0A3V5SPB0	114	1	758	1	100	100%
A0A3V6AJN6	115	1	758	1	100	100%
A0A3V7F7U4	116	1	758	1	100	100%
A0A3V7ZNZ4	117	1	758	1	100	100%
A0A3V8FLP6	118	1	758	1	100	100%
A0A3V8W4I5	119	1	758	1	100	100%
A0A3V9C1D4	120	1	758	1	100	100%
A0A3V9ECE1	121	1	758	1	100	100%
A0A3V9UBV2	122	1	758	1	100	100%
A0A3W1FYS7	123	1	758	1	100	100%
A0A3W6VUW2	124	1	758	1	100	100%
A0A3W7EVI4	125	1	758	1	100	100%
A0A3W7I4L9	126	1	758	1	100	100%
A0A3W7XC64	127	1	758	1	100	100%
A0A3W7ZBU7	128	1	758	1	100	100%
A0A3W8YP58	129	1	758	1	100	100%
A0A3X0H8X9	130	1	758	1	100	100%
A0A3X0MZ56	131	1	758	1	100	100%
A0A3X1BUP4	132	1	758	1	100	100%
A0A3X4WHJ0	133	1	758	1	100	100%
A0A3X5TKZ1	134	1	758	1	100	100%
A0A3X6TU46	135	1	758	1	100	100%
A0A3X7PT82	136	1	758	1	100	100%
A0A3X7XJ37	137	1	758	1	100	100%
A0A3Y2FIG5	138	1	758	1	100	100%
A0A3Y3FSP2	139	1	758	1	100	100%
A0A3Y4SH61	140	1	758	1	100	100%
A0A3Y5CRD3	141	1	758	1	100	100%
A0A3Y6CKU6	142	1	758	1	100	100%
A0A3Y6P5Y7	143	1	758	1	100	100%
A0A3Y7H8D5	144	1	758	1	100	100%
A0A3Y7RUD2	145	1	758	1	100	100%
A0A3Y7S4K0	146	1	758	1	100	100%
A0A3Y8SSA9	147	1	758	1	100	100%
A0A3Z0NIS1	148	1	758	1	100	100%
A0A3Z1C186	149	1	758	1	100	100%
A0A3Z1KZ25	150	1	758	1	100	100%
A0A3Z1VD02	151	1	758	1	100	100%
A0A3Z2A367	152	1	758	1	100	100%
A0A3Z2FW59	153	1	758	1	100	100%
A0A3Z2MRU0	154	1	758	1	100	100%
A0A3Z3KAK8	155	1	758	1	100	100%
A0A3Z3N3M9	156	1	758	1	100	100%
A0A3Z4XUS5	157	1	758	1	100	100%
A0A3Z5PZZ5	158	1	758	1	100	100%
A0A3Z5WR24	159	1	758	1	100	100%
A0A3Z7EJ16	160	1	758	1	100	100%
A0A3Z7P5Z9	161	1	758	1	100	100%
A0A400A2J1	162	1	758	1	100	100%
chv:CHELV3228_0175	163	1	758	1	100	100%
ecy:ECSE_P3-0024	164	1	758	1	100	100%
sbv:N643_09165	165	1	758	1	100	100%
sed:SeD_A2401	166	1	758	1	100	100%
sel:SPUL_0835	167	1	758	1	100	100%
sja:SJ2017_3760	168	1	758	1	100	100%
W8P8T5	169	1	758	1	100	100%
W8P8U0	170	1	758	1	100	100%
W8PGK9	171	1	758	1	100	100%
W8PKB8	172	1	758	1	100	100%
WP_000028209.1	173	1	758	1	100	100%
WP_000028210.1	174	1	758	1	100	100%
WP_000028212.1	175	1	758	1	100	100%
WP_000028216.1	176	1	758	1	100	100%
WP_000028218.1	177	1	758	1	100	100%
WP_000028219.1	178	1	758	1	100	100%
WP_000028220.1	179	1	758	1	100	100%
WP_000028222.1	180	1	758	1	100	100%
WP_000028223.1	181	1	758	1	100	100%
WP_000028225.1	182	1	758	1	100	100%
WP_000028228.1	183	1	758	1	100	100%
WP_000028229.1	184	1	758	1	100	100%
WP_000028230.1	185	1	758	1	100	100%
WP_000028232.1	186	1	758	1	100	100%
WP_000028233.1	187	1	758	1	100	100%
WP_000028234.1	188	1	758	1	100	100%
WP_000028235.1	189	1	758	1	100	100%
WP_000028236.1	190	1	758	1	100	100%
WP_000028237.1	191	1	758	1	100	100%
WP_000028239.1	192	1	758	1	100	100%
WP_001523462.1	193	1	758	1	100	100%
WP_001540355.1	194	1	758	1	100	100%
WP_001748564.1	195	1	758	1	100	100%
WP_002953910.1	196	1	758	1	100	100%
WP_006669165.1	197	1	758	1	100	100%
WP_017441803.1	198	1	758	1	100	100%
WP_021000480.1	199	1	758	1	100	100%
WP_023137035.1	200	1	758	1	100	100%
WP_023138004.1	201	1	758	1	100	100%
WP_023181138.1	202	1	758	1	100	100%
WP_023181977.1	203	1	758	1	100	100%
WP_023183268.1	204	1	758	1	100	100%
WP_023186598.1	205	1	758	1	100	100%
WP_023202801.1	206	1	758	1	100	100%
WP_023211895.1	207	1	758	1	100	100%
WP_023212534.1	208	1	758	1	100	100%
WP_023214336.1	209	1	758	1	100	100%
WP_023214789.1	210	1	758	1	100	100%
WP_023228411.1	211	1	758	1	100	100%
WP_023228922.1	212	1	758	1	100	100%
WP_023231083.1	213	1	758	1	100	100%
WP_023231308.1	214	1	758	1	100	100%
WP_023233214.1	215	1	758	1	100	100%
WP_023234592.1	216	1	758	1	100	100%
WP_023238900.1	217	1	758	1	100	100%
WP_023245274.1	218	1	758	1	100	100%
WP_023245854.1	219	1	758	1	100	100%
WP_023254641.1	220	1	758	1	100	100%
WP_023259125.1	221	1	758	1	100	100%
WP_023260441.1	222	1	758	1	100	100%
WP_023262486.1	223	1	758	1	100	100%
WP_023891532.1	224	1	758	1	100	100%
WP_024154639.1	225	1	758	1	100	100%
WP_024792477.1	226	1	758	1	100	100%
WP_024797351.1	227	1	758	1	100	100%
WP_031605483.1	228	1	758	1	100	100%
WP_038395554.1	229	1	758	1	100	100%
WP_039520025.1	230	1	758	1	100	100%
WP_039563858.1	231	1	758	1	100	100%
WP_044815663.1	232	1	758	1	100	100%
WP_045901254.1	233	1	758	1	100	100%
WP_046094614.1	234	1	758	1	100	100%
WP_047605698.1	235	1	758	1	100	100%
WP_048661702.1	236	1	758	1	100	100%
WP_048889027.1	237	1	758	1	100	100%
WP_050189920.1	238	1	758	1	100	100%
WP_050192404.1	239	1	758	1	100	100%
WP_050193495.1	240	1	758	1	100	100%
WP_050948358.1	241	1	758	1	100	100%
WP_050959718.1	242	1	758	1	100	100%
WP_050961629.1	243	1	758	1	100	100%
WP_052907162.1	244	1	758	1	100	100%
WP_052907431.1	245	1	758	1	100	100%
WP_052934643.1	246	1	758	1	100	100%
WP_052939419.1	247	1	758	1	100	100%
WP_052940339.1	248	1	758	1	100	100%
WP_053445050.1	249	1	758	1	100	100%
WP_053510321.1	250	1	758	1	100	100%
WP_053528887.1	251	1	758	1	100	100%
WP_054170881.1	252	1	758	1	100	100%
WP_054540968.1	253	1	758	1	100	100%
WP_055389099.1	254	1	758	1	100	100%
WP_057484633.1	255	1	758	1	100	100%
WP_057523704.1	256	1	758	1	100	100%
WP_057526450.1	257	1	758	1	100	100%
WP_058110852.1	258	1	758	1	100	100%
WP_058115119.1	259	1	758	1	100	100%
WP_058116003.1	260	1	758	1	100	100%
WP_058345090.1	261	1	758	1	100	100%
WP_058655376.1	262	1	758	1	100	100%
WP_058655429.1	263	1	758	1	100	100%
WP_058819947.1	264	1	758	1	100	100%
WP_061376587.1	265	1	758	1	100	100%
WP_061377426.1	266	1	758	1	100	100%
WP_061595450.1	267	1	758	1	100	100%
WP_061672677.1	268	1	758	1	100	100%
WP_063048001.1	269	1	758	1	100	100%
WP_063328738.1	270	1	758	1	100	100%
WP_063390585.1	271	1	758	1	100	100%
WP_063916743.1	272	1	758	1	100	100%
WP_064000660.1	273	1	758	1	100	100%
WP_064034870.1	274	1	758	1	100	100%
WP_064043510.1	275	1	758	1	100	100%
WP_064047178.1	276	1	758	1	100	100%
WP_064055888.1	277	1	758	1	100	100%
WP_069142382.1	278	1	758	1	100	100%
WP_069721370.1	279	1	758	1	100	100%
WP_070793494.1	280	1	758	1	100	100%
WP_070793945.1	281	1	758	1	100	100%
WP_070794240.1	282	1	758	1	100	100%
WP_070796918.1	283	1	758	1	100	100%
WP_070801791.1	284	1	758	1	100	100%
WP_070803859.1	285	1	758	1	100	100%
WP_070808758.1	286	1	758	1	100	100%
WP_070810034.1	287	1	758	1	100	100%
WP_070813517.1	288	1	758	1	100	100%
WP_070815294.1	289	1	758	1	100	100%
WP_073859936.1	290	1	758	1	100	100%
WP_076010662.1	291	1	758	1	100	100%
WP_076726814.1	292	1	758	1	100	100%
WP_076731010.1	293	1	758	1	100	100%
WP_076737169.1	294	1	758	1	100	100%
WP_076935381.1	295	1	758	1	100	100%
WP_076937135.1	296	1	758	1	100	100%
WP_077464209.1	297	1	758	1	100	100%
WP_078164301.1	298	1	758	1	100	100%
WP_079773668.1	299	1	758	1	100	100%
WP_079774607.1	300	1	758	1	100	100%
WP_079775415.1	301	1	758	1	100	100%
WP_079778788.1	302	1	758	1	100	100%
WP_079780480.1	303	1	758	1	100	100%
WP_079781403.1	304	1	758	1	100	100%
WP_079793221.1	305	1	758	1	100	100%
WP_079794754.1	306	1	758	1	100	100%
WP_079795494.1	307	1	758	1	100	100%
WP_079796748.1	308	1	758	1	100	100%
WP_079798035.1	309	1	758	1	100	100%
WP_079799008.1	310	1	758	1	100	100%
WP_079801050.1	311	1	758	1	100	100%
WP_079804751.1	312	1	758	1	100	100%
WP_079807458.1	313	1	758	1	100	100%
WP_079809554.1	314	1	758	1	100	100%
WP_079810657.1	315	1	758	1	100	100%
WP_079811876.1	316	1	758	1	100	100%
WP_079814095.1	317	1	758	1	100	100%
WP_079818901.1	318	1	758	1	100	100%
WP_079820908.1	319	1	758	1	100	100%
WP_079822369.1	320	1	758	1	100	100%
WP_079823536.1	321	1	758	1	100	100%
WP_079832704.1	322	1	758	1	100	100%
WP_079833425.1	323	1	758	1	100	100%
WP_079833914.1	324	1	758	1	100	100%
WP_079834751.1	325	1	758	1	100	100%
WP_079836491.1	326	1	758	1	100	100%
WP_079840100.1	327	1	758	1	100	100%
WP_079846498.1	328	1	758	1	100	100%
WP_079849843.1	329	1	758	1	100	100%
WP_079894738.1	330	1	758	1	100	100%
WP_079898045.1	331	1	758	1	100	100%
WP_079900514.1	332	1	758	1	100	100%
WP_079915672.1	333	1	758	1	100	100%
WP_079916182.1	334	1	758	1	100	100%
WP_079919399.1	335	1	758	1	100	100%
WP_079925996.1	336	1	758	1	100	100%
WP_079943241.1	337	1	758	1	100	100%
WP_079946147.1	338	1	758	1	100	100%
WP_079947133.1	339	1	758	1	100	100%
WP_079958949.1	340	1	758	1	100	100%
WP_079960001.1	341	1	758	1	100	100%
WP_079962039.1	342	1	758	1	100	100%
WP_079967314.1	343	1	758	1	100	100%
WP_079967779.1	344	1	758	1	100	100%
WP_079968090.1	345	1	758	1	100	100%
WP_079973385.1	346	1	758	1	100	100%
WP_079974663.1	347	1	758	1	100	100%
WP_079984538.1	348	1	758	1	100	100%
WP_080066951.1	349	1	758	1	100	100%
WP_080069690.1	350	1	758	1	100	100%
WP_080070543.1	351	1	758	1	100	100%
WP_080078910.1	352	1	758	1	100	100%
WP_080084715.1	353	1	758	1	100	100%
WP_080085365.1	354	1	758	1	100	100%
WP_080088131.1	355	1	758	1	100	100%
WP_080091062.1	356	1	758	1	100	100%
WP_080160517.1	357	1	758	1	100	100%
WP_080162670.1	358	1	758	1	100	100%
WP_080165155.1	359	1	758	1	100	100%
WP_080165697.1	360	1	758	1	100	100%
WP_080166936.1	361	1	758	1	100	100%
WP_080168409.1	362	1	758	1	100	100%
WP_080171390.1	363	1	758	1	100	100%
WP_080177185.1	364	1	758	1	100	100%
WP_080185236.1	365	1	758	1	100	100%
WP_080188817.1	366	1	758	1	100	100%
WP_080190611.1	367	1	758	1	100	100%
WP_080192424.1	368	1	758	1	100	100%
WP_080199112.1	369	1	758	1	100	100%
WP_080200866.1	370	1	758	1	100	100%
WP_080203363.1	371	1	758	1	100	100%
WP_080206040.1	372	1	758	1	100	100%
WP_080206186.1	373	1	758	1	100	100%
WP_080213258.1	374	1	758	1	100	100%
WP_080214498.1	375	1	758	1	100	100%
WP_080225249.1	376	1	758	1	100	100%
WP_080233881.1	377	1	758	1	100	100%
WP_080235888.1	378	1	758	1	100	100%
WP_080242278.1	379	1	758	1	100	100%
WP_080246010.1	380	1	758	1	100	100%
WP_080248949.1	381	1	758	1	100	100%
WP_085335932.1	382	1	758	1	100	100%
WP_085347974.1	383	1	758	1	100	100%
WP_085375839.1	384	1	758	1	100	100%
WP_086776872.1	385	1	758	1	100	100%
WP_086812785.1	386	1	758	1	100	100%
WP_088523975.1	387	1	758	1	100	100%
WP_088730375.1	388	1	758	1	100	100%
WP_093931690.1	389	1	758	1	100	100%
WP_093955235.1	390	1	758	1	100	100%
WP_094299581.1	391	1	758	1	100	100%
WP_094525850.1	392	1	758	1	100	100%
WP_094887646.1	393	1	758	1	100	100%
WP_094897140.1	394	1	758	1	100	100%
WP_094914490.1	395	1	758	1	100	100%
WP_094915002.1	396	1	758	1	100	100%
WP_094947346.1	397	1	758	1	100	100%
WP_094964806.1	398	1	758	1	100	100%
WP_094965359.1	399	1	758	1	100	100%
WP_097359554.1	400	1	758	1	100	100%
WP_097363178.1	401	1	758	1	100	100%
WP_097369678.1	402	1	758	1	100	100%
WP_097376078.1	403	1	758	1	100	100%
WP_097475997.1	404	1	758	1	100	100%
WP_098097531.1	405	1	758	1	100	100%
WP_099800480.1	406	1	758	1	100	100%
WP_103133442.1	407	1	758	1	100	100%
WP_104123447.1	408	1	758	1	100	100%
WP_105273427.1	409	1	758	1	100	100%
WP_107889237.1	410	1	758	1	100	100%
WP_108629776.1	411	1	758	1	100	100%
WP_108631471.1	412	1	758	1	100	100%
WP_108638456.1	413	1	758	1	100	100%
WP_109161309.1	414	1	758	1	100	100%
WP_109174292.1	415	1	758	1	100	100%
WP_109187929.1	416	1	758	1	100	100%
WP_109208375.1	417	1	758	1	100	100%
WP_109219456.1	418	1	758	1	100	100%
WP_109256085.1	419	1	758	1	100	100%
WP_109273372.1	420	1	758	1	100	100%
WP_109288226.1	421	1	758	1	100	100%
WP_110294069.1	422	1	758	1	100	100%
WP_110397940.1	423	1	758	1	100	100%
WP_111752166.1	424	1	758	1	100	100%
WP_111760342.1	425	1	758	1	100	100%
WP_111770697.1	426	1	758	1	100	100%
WP_111771852.1	427	1	758	1	100	100%
WP_114047011.1	428	1	758	1	100	100%
WP_114048918.1	429	1	758	1	100	100%
WP_114049714.1	430	1	758	1	100	100%
WP_114051556.1	431	1	758	1	100	100%
WP_114052413.1	432	1	758	1	100	100%
WP_114053145.1	433	1	758	1	100	100%
WP_115198534.1	434	1	758	1	100	100%
WP_115395979.1	435	1	758	1	100	100%
WP_115397064.1	436	1	758	1	100	100%
WP_115399352.1	437	1	758	1	100	100%
WP_116526255.1	438	1	758	1	100	100%
WP_116722961.1	439	1	758	1	100	100%
WP_117345421.1	440	1	758	1	100	100%
WP_119498496.1	441	1	758	1	100	100%
WP_122024078.1	442	1	758	1	100	100%
WP_122030049.1	443	1	758	1	100	100%
WP_122070734.1	444	1	758	1	100	100%
WP_122083055.1	445	1	758	1	100	100%
WP_126523986.1	446	1	758	1	100	100%
WP_127173900.1	447	1	758	1	100	100%
WP_127821162.1	448	1	758	1	100	100%
WP_129397547.1	449	1	758	1	100	100%
WP_130548977.1	450	1	758	1	100	100%
WP_131041786.1	451	1	758	1	100	100%
WP_131045144.1	452	1	758	1	100	100%
WP_131046421.1	453	1	758	1	100	100%
WP_134929445.1	454	1	758	1	100	100%
WP_134947426.1	455	1	758	1	100	100%
WP_135911348.1	456	1	758	1	100	100%
WP_139664059.1	457	1	758	1	100	100%
WP_140198008.1	458	1	758	1	100	100%
WP_140236864.1	459	1	758	1	100	100%
WP_143551512.1	460	1	758	1	100	100%
WP_146712848.1	461	1	758	1	100	100%
WP_147186482.1	462	1	758	1	100	100%
WP_149410477.1	463	1	758	1	100	100%
WP_149421495.1	464	1	758	1	100	100%
WP_149457637.1	465	1	758	1	100	100%
WP_149466510.1	466	1	758	1	100	100%
WP_150342490.1	467	1	758	1	100	100%
WP_150362519.1	468	1	758	1	100	100%
WP_151335873.1	469	1	758	1	100	100%
WP_151339652.1	470	1	758	1	100	100%
WP_151350172.1	471	1	758	1	100	100%
WP_151352098.1	472	1	758	1	100	100%
469595.CSAG_01875	473	1	757	1	100	100%
556267.HWAG_01193	474	1	757	1	100	100%
A0A4Q1EJW5	475	1	757	1	100	100%
cbra:A6J81_00990	476	1	757	1	100	100%
cie:AN232_13865	477	1	757	1	100	100%
cif:AL515_09925	478	1	757	1	100	100%
cpar:CUC49_05300	479	1	757	1	100	100%
cyo:CD187_09090	480	1	757	1	100	100%
WP_003834186.1	481	1	757	1	100	100%
WP_003838975.1	482	1	757	1	100	100%
WP_003844272.1	483	1	757	1	100	100%
WP_016150585.1	484	1	757	1	100	100%
WP_016153549.1	485	1	757	1	100	100%
WP_016156889.1	486	1	757	1	100	100%
WP_029139587.1	487	1	757	1	100	100%
WP_032319017.1	488	1	757	1	100	100%
WP_032949575.1	489	1	757	1	100	100%
WP_038641711.1	490	1	757	1	100	100%
WP_040231919.1	491	1	757	1	100	100%
WP_042307542.1	492	1	757	1	100	100%
WP_046275675.1	493	1	757	1	100	100%
WP_046670014.1	494	1	757	1	100	100%
WP_047498996.1	495	1	757	1	100	100%
WP_047715909.1	496	1	757	1	100	100%
WP_048232295.1	497	1	757	1	100	100%
WP_048998362.1	498	1	757	1	100	100%
WP_049014404.1	499	1	757	1	100	100%
WP_049040288.1	500	1	757	1	100	100%
WP_049270731.1	501	1	757	1	100	100%
WP_049281923.1	502	1	757	1	100	100%
WP_054528537.1	503	1	757	1	100	100%
WP_057063975.1	504	1	757	1	100	100%
WP_057067503.1	505	1	757	1	100	100%
WP_060683605.1	506	1	757	1	100	100%
WP_060854669.1	507	1	757	1	100	100%
WP_061381989.1	508	1	757	1	100	100%
WP_063073388.1	509	1	757	1	100	100%
WP_065554155.1	510	1	757	1	100	100%
WP_069323524.1	511	1	757	1	100	100%
WP_071667062.1	512	1	757	1	100	100%
WP_071685268.1	513	1	757	1	100	100%
WP_075848381.1	514	1	757	1	100	100%
WP_079987713.1	515	1	757	1	100	100%
WP_080858875.1	516	1	757	1	100	100%
WP_085047962.1	517	1	757	1	100	100%
WP_086523643.1	518	1	757	1	100	100%
WP_086529358.1	519	1	757	1	100	100%
WP_087855985.1	520	1	757	1	100	100%
WP_088732022.1	521	1	757	1	100	100%
WP_094169146.1	522	1	757	1	100	100%
WP_094761557.1	523	1	757	1	100	100%
WP_095715297.1	524	1	757	1	100	100%
WP_096756629.1	525	1	757	1	100	100%
WP_096890444.1	526	1	757	1	100	100%
WP_101700021.1	527	1	757	1	100	100%
WP_103766458.1	528	1	757	1	100	100%
WP_103771307.1	529	1	757	1	100	100%
WP_104651486.1	530	1	757	1	100	100%
WP_106107195.1	531	1	757	1	100	100%
WP_106720240.1	532	1	757	1	100	100%
WP_106902168.1	533	1	757	1	100	100%
WP_112922954.1	534	1	757	1	100	100%
WP_114680399.1	535	1	757	1	100	100%
WP_115190472.1	536	1	757	1	100	100%
WP_115258139.1	537	1	757	1	100	100%
WP_115454749.1	538	1	757	1	100	100%
WP_115489765.1	539	1	757	1	100	100%
WP_117343306.1	540	1	757	1	100	100%
WP_119174365.1	541	1	757	1	100	100%
WP_121540199.1	542	1	757	1	100	100%
WP_123267465.1	543	1	757	1	100	100%
WP_124770305.1	544	1	757	1	100	100%
WP_125112535.1	545	1	757	1	100	100%
WP_125363441.1	546	1	757	1	100	100%
WP_127791840.1	547	1	757	1	100	100%
WP_131346288.1	548	1	757	1	100	100%
WP_131379558.1	549	1	757	1	100	100%
WP_131405095.1	550	1	757	1	100	100%
WP_133086603.1	551	1	757	1	100	100%
WP_135321427.1	552	1	757	1	100	100%
WP_135911844.1	553	1	757	1	100	100%
WP_136392091.1	554	1	757	1	100	100%
WP_136397033.1	555	1	757	1	100	100%
WP_137346226.1	556	1	757	1	100	100%
WP_137347754.1	557	1	757	1	100	100%
WP_137350799.1	558	1	757	1	100	100%
WP_137352161.1	559	1	757	1	100	100%
WP_137360862.1	560	1	757	1	100	100%
WP_137362960.1	561	1	757	1	100	100%
WP_137364572.1	562	1	757	1	100	100%
WP_137365982.1	563	1	757	1	100	100%
WP_137377220.1	564	1	757	1	100	100%
WP_137380774.1	565	1	757	1	100	100%
WP_137382386.1	566	1	757	1	100	100%
WP_137398461.1	567	1	757	1	100	100%
WP_137399467.1	568	1	757	1	100	100%
WP_138828681.1	569	1	757	1	100	100%
WP_141875393.1	570	1	757	1	100	100%
WP_142417497.1	571	1	757	1	100	100%
WP_142972555.1	572	1	757	1	100	100%
WP_146716958.1	573	1	757	1	100	100%
WP_149691674.1	574	1	757	1	100	100%
WP_150345158.1	575	1	757	1	100	100%
WP_151292585.1	576	1	757	1	100	100%
398579.Spea_3188	577	1	756	1	100	100%
458817.Shal_3271	578	1	756	1	100	100%
A0A3V9DT84	579	1	756	1	100	100%
A0A3X1XHP4	580	1	756	1	100	100%
A0A3X1Y2J1	581	1	756	1	100	100%
WP_023256143.1	582	1	756	1	100	100%
WP_079961408.1	583	1	756	1	100	100%
WP_142879751.1	584	1	754	1	100	100%
1121878.AUGL0100001	585	1	750	1	100	100%
A0A3L2LCE1	586	1	750	1	100	100%
WP_001560507.1	587	1	750	1	100	100%
WP_001708554.1	588	1	750	1	100	100%
WP_023224241.1	589	1	750	1	100	100%
WP_079848461.1	590	1	750	1	100	100%
WP_151255052.1	591	1	750	1	100	100%
WP_151340560.1	592	1	750	1	100	100%
WP_076693815.1	593	1	747	1	100	100%
WP_058820328.1	594	1	746	1	100	100%
A0A3V2Y450	595	1	745	1	100	100%
WP_080072138.1	596	1	745	1	100	100%
WP_094540019.1	597	1	745	1	100	100%
A0A379GFN6	598	1	744	1	100	100%
WP_134815445.1	599	1	743	1	100	100%
1236542.BALM0100000	600	1	736	1	100	100%
WP_102022644.1	601	1	725	1	100	100%
WP_151349323.1	602	1	725	1	100	100%
1216966.BAUC0100001	603	1	710	1	100	100%
1080067.BAZH0100002	604	1	708	1	100	100%
500640.CIT292_06513	605	1	708	1	100	100%
WP_048212011.1	606	1	708	1	100	100%
WP_139378922.1	607	1	667	1	100	100%
A0A379XQ65	608	1	627	1	100	100%
WP_079900972.1	609	1	627	1	100	100%
A0A379SWH5	610	1	615	1	100	100%
WP_146632359.1	611	1	604	1	100	100%
WP_095764129.1	612	1	589	1	100	100%
hpar:AL518_11075	613	1	551	1	100	100%
1111728.ATYS0100001	614	1	548	1	100	100%
A0A379T8Y7	615	1	547	1	100	100%
lri:NCTC12151_02944	616	1	541	1	100	100%
WP_139382142.1	617	1	541	1	100	100%
1005999.GLGR_2499	618	1	538	1	100	100%
WP_080187948.1	619	1	536	1	100	100%
1440052.EAKF1_ch221	620	1	535	1	100	100%
537972.ABQU01000040	621	1	535	1	100	100%
926566.Terro_1212	622	1	534	1	100	100%
410477669	623	1	523	1	100	100%
WP_004873216.1	624	1	517	1	100	100%
WP_148262209.1	625	1	517	1	100	100%
A0A379W7F9	626	1	513	1	100	100%
A0A447R2E2	627	1	505	1	100	100%
637390.AFOH01000043	628	1	503	1	100	100%
743299.Acife_0037	629	1	503	1	100	100%
WP_109289031.1	630	1	503	1	100	100%
WP_110136581.1	631	1	503	1	100	100%
WP_012535754.1	632	1	499	1	100	100%
WP_113526110.1	633	1	499	1	100	100%
1162668.LFE_1923	634	1	497	1	100	100%
1080067.BAZH0100003	635	1	476	1	100	100%
WP_139772429.1	636	1	476	1	100	100%
1123368.AUIS0100003	637	1	474	1	100	100%
WP_139777578.1	638	1	470	1	100	100%
A0A088STN8	639	1	467	1	100	100%
WP_139776002.1	640	1	459	1	100	100%
WP_139379105.1	641	1	457	1	100	100%
A0A447M2F7	642	1	447	1	100	100%
WP_000028213.1	643	1	444	1	100	100%
WP_141122839.1	644	1	441	1	100	100%
WP_146649656.1	645	1	439	1	100	100%
WP_079947587.1	646	1	432	1	100	100%
A0A485BBA0	647	1	421	1	100	100%
WP_000028217.1	648	1	420	1	100	100%
WP_079825936.1	649	1	413	1	100	100%
A0A484VMT0	650	1	405	1	100	100%
A0A485FRL6	651	1	405	1	100	100%
A0A3S4F408	652	1	399	1	100	100%
WP_146697388.1	653	1	390	1	100	100%
WP_079837853.1	654	1	387	1	100	100%
WP_109284557.1	655	1	387	1	100	100%
WP_134952400.1	656	1	387	1	100	100%
WP_148695393.1	657	1	387	1	100	100%
WP_079838057.1	658	1	383	1	100	100%
WP_079223600.1	659	1	378	1	100	100%
WP_079223599.1	660	1	374	1	100	100%
A0A484VPL5	661	1	370	1	100	100%
WP_143206935.1	662	1	365	1	100	100%
471881.PROPEN_01845	663	1	362	1	100	100%
WP_146641327.1	664	1	359	1	100	100%
WP_122991006.1	665	1	353	1	100	100%
WP_080247424.1	666	1	350	1	100	100%
WP_146635872.1	667	1	348	1	100	100%
WP_141102546.1	668	1	339	1	100	100%
WP_109430815.1	669	1	319	1	100	100%
WP_054845319.1	670	1	316	1	100	100%
WP_001701122.1	671	1	313	1	100	100%
1158165.KB898876_ge	672	1	311	1	100	100%
637389.Acaty_c1207	673	1	311	1	100	100%
743299.Acife_2601	674	1	311	1	100	100%
Q972K4	675	1	311	1	100	100%
P29082	676	1	309	1	100	100%
abri:DFR85_06255	677	1	308	1	100	100%
aman:B6F84_12165	678	1	308	1	100	100%
asul:DFR86_10370	679	1	308	1	100	100%
479175490	680	1	307	1	100	100%
518652916	681	1	307	1	100	100%
fai:FAD_0535	682	1	307	1	100	100%
1051632.TPY_0405	683	1	306	1	100	100%
48477873	684	1	306	1	100	100%
A3QSJ9	685	1	306	1	100	100%
WP_020375642.1	686	1	306	1	100	100%
WP_020375834.1	687	1	306	1	100	100%
WP_028963476.1	688	1	306	1	100	100%
WP_053960295.1	689	1	306	1	100	100%
WP_076006215.1	690	1	306	1	100	100%
WP_103375722.1	691	1	306	1	100	100%
1005999.GLGR_1544	692	1	285	1	100	100%
lri:NCTC12151_01606	693	1	285	1	100	100%
A0A379SSP9	694	1	284	1	100	100%
B1PHD8	695	1	280	1	100	100%
B1PHD9	696	1	280	1	100	100%
B1PHE1	697	1	280	1	100	100%
B1PHE2	698	1	280	1	100	100%
B1PHE3	699	1	280	1	100	100%
A0A379WQY1	700	1	279	1	100	100%
1121403.AUCV0100000	701	1	267	1	100	100%
1111728.ATYS0100000	702	1	265	1	100	100%
197283979	703	1	265	1	100	100%
471881.PROPEN_03030	704	1	265	1	100	100%
585.DR95_1851	705	1	265	1	100	100%
phau:PH4a_10310	706	1	265	1	100	100%
pmib:BB2000_0225	707	1	265	1	100	100%
pvg:CRN77_00890	708	1	265	1	100	100%
1216966.BAUC0100000	709	1	262	1	100	100%
667121.ET1_26_00040	710	1	262	1	100	100%
eho:A9798_01030	711	1	262	1	100	100%
1005999.GLGR_2154	712	1	261	1	100	100%
1080067.BAZH0100001	713	1	261	1	100	100%
1114922.CIFAM_06_01	714	1	261	1	100	100%
1218086.BBNB0100000	715	1	261	1	100	100%
1440052.EAKF1_ch438	716	1	261	1	100	100%
157145942	717	1	261	1	100	100%
15831631	718	1	261	1	100	100%
16129626	719	1	261	1	100	100%
198214.SF1698	720	1	261	1	100	100%
199310.c2064	721	1	261	1	100	100%
238921487	722	1	261	1	100	100%
35703.DQ02_07305	723	1	261	1	100	100%
362663.ECP_1617	724	1	261	1	100	100%
469595.CSAG_01143	725	1	261	1	100	100%
481805.EcolC_1961	726	1	261	1	100	100%
500640.CIT292_07349	727	1	261	1	100	100%
560157275	728	1	261	1	100	100%
598467.BrE312_0335	729	1	261	1	100	100%
637910.ROD_13841	730	1	261	1	100	100%
bgj:AWC36_20475	731	1	261	1	100	100%
caf:AL524_15975	732	1	261	1	100	100%
cama:F384_06330	733	1	261	1	100	100%
cama:F384_12975	734	1	261	1	100	100%
cbra:A6J81_03155	735	1	261	1	100	100%
cie:AN232_18905	736	1	261	1	100	100%
cif:AL515_11165	737	1	261	1	100	100%
cwe:CO701_11290	738	1	261	1	100	100%
cyo:CD187_13165	739	1	261	1	100	100%
ecg:E2348C_1755	740	1	261	1	100	100%
ecoi:ECOPMV1_01765	741	1	261	1	100	100%
ecoo:ECRM13514_2165	742	1	261	1	100	100%
ecos:EC958_1890	743	1	261	1	100	100%
ecq:ECED1_1868	744	1	261	1	100	100%
ecr:ECIAI1_1721	745	1	261	1	100	100%
ect:ECIAI39_1387	746	1	261	1	100	100%
ecv:APECO1_749	747	1	261	1	100	100%
ecy:ECSE_1792	748	1	261	1	100	100%
ekf:KO11_14395	749	1	261	1	100	100%
elo:EC042_1838	750	1	261	1	100	100%
eoh:ECO103_1810	751	1	261	1	100	100%
eso:O3O_13750	752	1	261	1	100	100%
eum:ECUMN_1959	753	1	261	1	100	100%
lpv:HYN51_05440	754	1	261	1	100	100%
lri:NCTC12151_02578	755	1	261	1	100	100%
sfv:SFV_1692	756	1	261	1	100	100%
ssn:SSON_1486	757	1	261	1	100	100%
WP_001070016.1	758	1	261	1	100	100%
WP_096145219.1	759	1	261	1	100	100%
WP_096306979.1	760	1	261	1	100	100%
WP_096966342.1	761	1	261	1	100	100%
WP_097498825.1	762	1	261	1	100	100%
WP_109545968.1	763	1	261	1	100	100%
WP_112026992.1	764	1	261	1	100	100%
WP_136762085.1	765	1	261	1	100	100%
1111728.ATYS0100001	766	1	260	1	100	100%
1120985.AUMI0100001	767	1	260	1	100	100%
1123250.KB908379_ge	768	1	259	1	100	100%
579405.Dd703_0283	769	1	259	1	100	100%
phau:PH4a_01225	770	1	259	1	100	100%
pvg:CRN77_09790	771	1	259	1	100	100%
WP_023581662.1	772	1	259	1	100	100%
WP_036935477.1	773	1	259	1	100	100%
WP_072063217.1	774	1	259	1	100	100%
WP_099073759.1	775	1	259	1	100	100%
WP_109396413.1	776	1	259	1	100	100%
WP_109399868.1	777	1	259	1	100	100%
WP_109407172.1	778	1	259	1	100	100%
WP_109407292.1	779	1	259	1	100	100%
WP_109847170.1	780	1	259	1	100	100%
WP_023207885.1	781	1	258	1	100	100%
1111728.ATYS0100000	782	1	257	1	100	100%
1216966.BAUC0100001	783	1	257	1	100	100%
667121.ET1_05_01420	784	1	257	1	100	100%
eho:A9798_08670	785	1	257	1	100	100%
WP_001092552.1	786	1	256	1	100	100%
WP_080178710.1	787	1	256	1	100	100%
1080067.BAZH0100002	788	1	255	1	100	100%
238919752	789	1	255	1	100	100%
469595.CSAG_01873	790	1	255	1	100	100%
500640.CIT292_06515	791	1	255	1	100	100%
cfd:CFNIH1_21310	792	1	255	1	100	100%
cie:AN232_13875	793	1	255	1	100	100%
cpar:CUC49_05310	794	1	255	1	100	100%
cwe:CO701_07915	795	1	255	1	100	100%
cyo:CD187_09100	796	1	255	1	100	100%
edw:QY76_11055	797	1	255	1	100	100%
etc:ETAC_08445	798	1	255	1	100	100%
I2AWF3	799	1	255	1	100	100%
WP_004243780.1	800	1	255	1	100	100%
WP_004248413.1	801	1	255	1	100	100%
WP_012848681.1	802	1	255	1	100	100%
WP_019077107.1	803	1	255	1	100	100%
WP_032319018.1	804	1	255	1	100	100%
WP_036905336.1	805	1	255	1	100	100%
WP_042307546.1	806	1	255	1	100	100%
WP_046275676.1	807	1	255	1	100	100%
WP_049208145.1	808	1	255	1	100	100%
WP_049270733.1	809	1	255	1	100	100%
WP_060557987.1	810	1	255	1	100	100%
WP_074923851.1	811	1	255	1	100	100%
WP_080230394.1	812	1	255	1	100	100%
WP_094960317.1	813	1	255	1	100	100%
WP_096043107.1	814	1	255	1	100	100%
WP_109745811.1	815	1	255	1	100	100%
WP_115190473.1	816	1	255	1	100	100%
WP_124725280.1	817	1	255	1	100	100%
WP_124743691.1	818	1	255	1	100	100%
WP_126656719.1	819	1	255	1	100	100%
WP_137365980.1	820	1	255	1	100	100%
WP_151261546.1	821	1	255	1	100	100%
WP_152917852.1	822	1	255	1	100	100%
1197719.A464_2187	823	1	254	1	100	100%
A0A0E3XVY1	824	1	254	1	100	100%
A0A379W6L0	825	1	254	1	100	100%
ecy:ECSE_P3-0026	826	1	254	1	100	100%
sbv:N643_09155	827	1	254	1	100	100%
sea:SeAg_B2186	828	1	254	1	100	100%
sed:SeD_A2399	829	1	254	1	100	100%
see:SNSL254_A2240	830	1	254	1	100	100%
ses:SARI_00824	831	1	254	1	100	100%
WP_001092543.1	832	1	254	1	100	100%
WP_001092545.1	833	1	254	1	100	100%
WP_001092546.1	834	1	254	1	100	100%
WP_001092547.1	835	1	254	1	100	100%
WP_001092548.1	836	1	254	1	100	100%
WP_001092549.1	837	1	254	1	100	100%
WP_001092550.1	838	1	254	1	100	100%
WP_001092551.1	839	1	254	1	100	100%
WP_001092553.1	840	1	254	1	100	100%
WP_001092554.1	841	1	254	1	100	100%
WP_001092555.1	842	1	254	1	100	100%
WP_001092556.1	843	1	254	1	100	100%
WP_001092557.1	844	1	254	1	100	100%
WP_001092558.1	845	1	254	1	100	100%
WP_001092559.1	846	1	254	1	100	100%
WP_001092561.1	847	1	254	1	100	100%
WP_001523519.1	848	1	254	1	100	100%
WP_001605991.1	849	1	254	1	100	100%
WP_001659412.1	850	1	254	1	100	100%
WP_001729051.1	851	1	254	1	100	100%
WP_002953912.1	852	1	254	1	100	100%
WP_017441804.1	853	1	254	1	100	100%
WP_023179505.1	854	1	254	1	100	100%
WP_023181978.1	855	1	254	1	100	100%
WP_023183270.1	856	1	254	1	100	100%
WP_023205657.1	857	1	254	1	100	100%
WP_023245852.1	858	1	254	1	100	100%
WP_023256144.1	859	1	254	1	100	100%
WP_023260442.1	860	1	254	1	100	100%
WP_038395556.1	861	1	254	1	100	100%
WP_044811146.1	862	1	254	1	100	100%
WP_045343284.1	863	1	254	1	100	100%
WP_046094615.1	864	1	254	1	100	100%
WP_048591609.1	865	1	254	1	100	100%
WP_050191213.1	866	1	254	1	100	100%
WP_050322711.1	867	1	254	1	100	100%
WP_053299712.1	868	1	254	1	100	100%
WP_053445051.1	869	1	254	1	100	100%
WP_057518316.1	870	1	254	1	100	100%
WP_058116002.1	871	1	254	1	100	100%
WP_058214710.1	872	1	254	1	100	100%
WP_058345088.1	873	1	254	1	100	100%
WP_058821199.1	874	1	254	1	100	100%
WP_061201704.1	875	1	254	1	100	100%
WP_061378821.1	876	1	254	1	100	100%
WP_061379582.1	877	1	254	1	100	100%
WP_061383546.1	878	1	254	1	100	100%
WP_063916745.1	879	1	254	1	100	100%
WP_070127228.1	880	1	254	1	100	100%
WP_070129682.1	881	1	254	1	100	100%
WP_070811845.1	882	1	254	1	100	100%
WP_071624391.1	883	1	254	1	100	100%
WP_076010663.1	884	1	254	1	100	100%
WP_076166177.1	885	1	254	1	100	100%
WP_079773669.1	886	1	254	1	100	100%
WP_079774606.1	887	1	254	1	100	100%
WP_079775414.1	888	1	254	1	100	100%
WP_079790700.1	889	1	254	1	100	100%
WP_079795495.1	890	1	254	1	100	100%
WP_079799009.1	891	1	254	1	100	100%
WP_079801048.1	892	1	254	1	100	100%
WP_079804753.1	893	1	254	1	100	100%
WP_079806678.1	894	1	254	1	100	100%
WP_079807459.1	895	1	254	1	100	100%
WP_079809555.1	896	1	254	1	100	100%
WP_079893176.1	897	1	254	1	100	100%
WP_079951748.1	898	1	254	1	100	100%
WP_079954408.1	899	1	254	1	100	100%
WP_079962329.1	900	1	254	1	100	100%
WP_079967316.1	901	1	254	1	100	100%
WP_079984539.1	902	1	254	1	100	100%
WP_080087589.1	903	1	254	1	100	100%
WP_080105568.1	904	1	254	1	100	100%
WP_080109761.1	905	1	254	1	100	100%
WP_080177616.1	906	1	254	1	100	100%
WP_080193469.1	907	1	254	1	100	100%
WP_080218167.1	908	1	254	1	100	100%
WP_080225250.1	909	1	254	1	100	100%
WP_080245073.1	910	1	254	1	100	100%
WP_080246012.1	911	1	254	1	100	100%
WP_080248950.1	912	1	254	1	100	100%
WP_088730376.1	913	1	254	1	100	100%
WP_088758720.1	914	1	254	1	100	100%
WP_094947347.1	915	1	254	1	100	100%
WP_097359553.1	916	1	254	1	100	100%
WP_097363179.1	917	1	254	1	100	100%
WP_098065018.1	918	1	254	1	100	100%
WP_098069500.1	919	1	254	1	100	100%
WP_099800479.1	920	1	254	1	100	100%
WP_108629775.1	921	1	254	1	100	100%
WP_108638455.1	922	1	254	1	100	100%
WP_109182704.1	923	1	254	1	100	100%
WP_109187928.1	924	1	254	1	100	100%
WP_109208374.1	925	1	254	1	100	100%
WP_109273371.1	926	1	254	1	100	100%
WP_109462808.1	927	1	254	1	100	100%
WP_109909628.1	928	1	254	1	100	100%
WP_110139102.1	929	1	254	1	100	100%
WP_110296861.1	930	1	254	1	100	100%
WP_110301417.1	931	1	254	1	100	100%
WP_111722130.1	932	1	254	1	100	100%
WP_111752168.1	933	1	254	1	100	100%
WP_111760343.1	934	1	254	1	100	100%
WP_111770699.1	935	1	254	1	100	100%
WP_114049716.1	936	1	254	1	100	100%
WP_114050923.1	937	1	254	1	100	100%
WP_115198536.1	938	1	254	1	100	100%
WP_115395980.1	939	1	254	1	100	100%
WP_115399353.1	940	1	254	1	100	100%
WP_115399925.1	941	1	254	1	100	100%
WP_116722960.1	942	1	254	1	100	100%
WP_116842736.1	943	1	254	1	100	100%
WP_117344166.1	944	1	254	1	100	100%
WP_119177421.1	945	1	254	1	100	100%
WP_119493737.1	946	1	254	1	100	100%
WP_119904033.1	947	1	254	1	100	100%
WP_126487323.1	948	1	254	1	100	100%
WP_127173901.1	949	1	254	1	100	100%
WP_134947428.1	950	1	254	1	100	100%
WP_134949122.1	951	1	254	1	100	100%
WP_135492333.1	952	1	254	1	100	100%
WP_137075831.1	953	1	254	1	100	100%
WP_138766870.1	954	1	254	1	100	100%
WP_149421496.1	955	1	254	1	100	100%
WP_150362517.1	956	1	254	1	100	100%
WP_151344035.1	957	1	254	1	100	100%
WP_151350174.1	958	1	254	1	100	100%
WP_152658919.1	959	1	254	1	100	100%
lri:NCTC12151_02195	960	1	253	1	100	100%
pfq:QQ39_07315	961	1	253	1	100	100%
1005994.GTGU_03885	962	1	252	1	100	100%
cbra:A6J81_01000	963	1	252	1	100	100%
1005999.GLGR_1727	964	1	251	1	100	100%
1111728.ATYS0100000	965	1	251	1	100	100%
1123401.JHYQ0100001	966	1	249	1	100	100%
502347.ESCAB7627_28	967	1	249	1	100	100%
870187.Thini_3495	968	1	248	1	100	100%
A7BWW4	969	1	247	1	100	100%
89897528	970	1	246	1	100	100%
WP_151352552.1	971	1	242	1	100	100%
1121878.AUGL0100002	972	1	240	1	100	100%
1408428.JNJP0100002	973	1	240	1	100	100%
563192.HMPREF0179_0	974	1	240	1	100	100%
1005999.GLGR_2155	975	1	239	1	100	100%
1080067.BAZH0100001	976	1	239	1	100	100%
1218086.BBNB0100000	977	1	237	1	100	100%
316067.Geob_3404	978	1	237	1	100	100%
A0A3S4LUS3	979	1	234	1	100	100%
A0A379UUC6	980	1	231	1	100	100%
A0A379WR75	981	1	230	1	100	100%
1219072.VHA01S_008_	982	1	228	1	100	100%
1219080.VEZ01S_21_0	983	1	228	1	100	100%
1263831.F543_19030	984	1	228	1	100	100%
1236542.BALM0100001	985	1	227	1	100	100%
1095749.HMPREF1052_	986	1	226	1	100	100%
1035839.AFNK0100007	987	1	225	1	100	100%
1278971.AOGF0100001	988	1	225	1	100	100%
1432056.X781_4970	989	1	225	1	100	100%
1433287.X808_4590	990	1	225	1	100	100%
948565.AFFP02000010	991	1	225	1	100	100%
28152.DJ57_893	992	1	223	1	100	100%
1034345.CAEM0100001	993	1	222	1	100	100%
1114922.CIFAM_06_01	994	1	222	1	100	100%
257790266	995	1	219	1	100	100%
768671.ThimaDRAFT_0	996	1	219	1	100	100%
1232410.KI421412_ge	997	1	218	1	100	100%
1304872.JAGC0100000	998	1	218	1	100	100%
A0A379WSG5	999	1	218	1	100	100%
A0A379XNR6	1000	1	218	1	100	100%
A0A447PFF3	1001	1	218	1	100	100%
288941180	1002	1	215	1	100	100%
526222.Desal_0832	1003	1	215	1	100	100%
89901513	1004	1	214	1	100	100%
1034345.CAEM0100000	1005	1	213	1	100	100%
1461579.CCNK0100002	1006	1	213	1	100	100%
WP_080082721.1	1007	1	213	1	100	100%
1005999.GLGR_1543	1008	1	212	1	100	100%
1034345.CAEM0100003	1009	1	211	1	100	100%
469610.HMPREF0189_0	1010	1	211	1	100	100%
WP_080802045.1	1011	1	211	1	100	100%
WP_102379162.1	1012	1	211	1	100	100%
WP_129425634.1	1013	1	211	1	100	100%
1397528.Q671_15035	1014	1	210	1	100	100%
161156.JQKW01000014	1015	1	210	1	100	100%
WP_087197550.1	1016	1	210	1	100	100%
WP_101721530.1	1017	1	210	1	100	100%
WP_114540470.1	1018	1	210	1	100	100%
WP_114547891.1	1019	1	210	1	100	100%
WP_114566200.1	1020	1	210	1	100	100%
WP_123191044.1	1021	1	210	1	100	100%
765913.ThidrDRAFT_1	1022	1	209	1	100	100%
883.DvMF_1695	1023	1	209	1	100	100%
tsy:THSYN_18860	1024	1	209	1	100	100%
WP_009306126.1	1025	1	209	1	100	100%
WP_079831635.1	1026	1	209	1	100	100%
WP_139913184.1	1027	1	209	1	100	100%
WP_087194977.1	1028	1	208	1	100	100%
WP_087198716.1	1029	1	208	1	100	100%
WP_123186250.1	1030	1	208	1	100	100%
WP_136846123.1	1031	1	208	1	100	100%
470170767	1032	1	207	1	100	100%
WP_119170359.1	1033	1	207	1	100	100%
WP_080802034.1	1034	1	206	1	100	100%
WP_086414968.1	1035	1	206	1	100	100%
WP_114533722.1	1036	1	206	1	100	100%
WP_114534036.1	1037	1	206	1	100	100%
550889523	1038	1	205	1	100	100%
WP_087198760.1	1039	1	205	1	100	100%
WP_123185355.1	1040	1	205	1	100	100%
WP_123186025.1	1041	1	205	1	100	100%
WP_136845968.1	1042	1	205	1	100	100%
WP_035584063.1	1043	1	204	1	100	100%
WP_114547810.1	1044	1	204	1	100	100%
WP_087195165.1	1045	1	203	1	100	100%
46581547	1046	1	202	1	100	100%
WP_123184934.1	1047	1	201	1	100	100%
543962986	1048	1	200	1	100	100%
A0A379ENV2	1049	1	199	1	100	100%
1111728.ATYS0100000	1050	1	198	1	100	100%
1278307.KB906991_ge	1051	1	198	1	100	100%
497321.C664_17487	1052	1	198	1	100	100%
ses:SARI_00823	1053	1	198	1	100	100%
WP_135047747.1	1054	1	198	1	100	100%
A0A509C858	1055	1	195	1	100	100%
WP_080800102.1	1056	1	195	1	100	100%
WP_114544743.1	1057	1	195	1	100	100%
WP_021409734.1	1058	1	194	1	100	100%
WP_080144362.1	1059	1	194	1	100	100%
WP_092198657.1	1060	1	193	1	100	100%
WP_114546919.1	1061	1	193	1	100	100%
1005994.GTGU_03884	1062	1	192	1	100	100%
cbra:A6J81_00995	1063	1	192	1	100	100%
cfd:CFNIH1_21315	1064	1	192	1	100	100%
cie:AN232_13870	1065	1	192	1	100	100%
cif:AL515_09930	1066	1	192	1	100	100%
cwe:CO701_07910	1067	1	192	1	100	100%
ecy:ECSE_P3-0025	1068	1	192	1	100	100%
phau:PH4a_01220	1069	1	192	1	100	100%
pvg:CRN77_09795	1070	1	192	1	100	100%
pvl:AOB99_11095	1071	1	192	1	100	100%
sec:SCH_2073	1072	1	192	1	100	100%
sed:SeD_A2400	1073	1	192	1	100	100%
seeh:SEEH1578_19600	1074	1	192	1	100	100%
sega:SPUCDC_0836	1075	1	192	1	100	100%
sei:SPC_1650	1076	1	192	1	100	100%
senj:CFSAN001992_01	1077	1	192	1	100	100%
spq:SPAB_01039	1078	1	192	1	100	100%
WP_023166923.1	1079	1	192	1	100	100%
WP_023179506.1	1080	1	192	1	100	100%
WP_023183269.1	1081	1	192	1	100	100%
WP_023186597.1	1082	1	192	1	100	100%
WP_023212533.1	1083	1	192	1	100	100%
WP_023216045.1	1084	1	192	1	100	100%
WP_023245853.1	1085	1	192	1	100	100%
WP_023251554.1	1086	1	192	1	100	100%
WP_023259425.1	1087	1	192	1	100	100%
WP_024157045.1	1088	1	192	1	100	100%
WP_024797352.1	1089	1	192	1	100	100%
WP_031622165.1	1090	1	192	1	100	100%
WP_050179516.1	1091	1	192	1	100	100%
WP_050193466.1	1092	1	192	1	100	100%
WP_050948065.1	1093	1	192	1	100	100%
WP_050960158.1	1094	1	192	1	100	100%
WP_052907430.1	1095	1	192	1	100	100%
WP_052928903.1	1096	1	192	1	100	100%
WP_053510319.1	1097	1	192	1	100	100%
WP_053528888.1	1098	1	192	1	100	100%
WP_058112195.1	1099	1	192	1	100	100%
WP_058145029.1	1100	1	192	1	100	100%
WP_061423812.1	1101	1	192	1	100	100%
WP_061582364.1	1102	1	192	1	100	100%
WP_063916744.1	1103	1	192	1	100	100%
WP_070789800.1	1104	1	192	1	100	100%
WP_070793446.1	1105	1	192	1	100	100%
WP_070803860.1	1106	1	192	1	100	100%
WP_071651009.1	1107	1	192	1	100	100%
WP_076188071.1	1108	1	192	1	100	100%
WP_079780479.1	1109	1	192	1	100	100%
WP_079801049.1	1110	1	192	1	100	100%
WP_079804752.1	1111	1	192	1	100	100%
WP_079823535.1	1112	1	192	1	100	100%
WP_079826297.1	1113	1	192	1	100	100%
WP_079827147.1	1114	1	192	1	100	100%
WP_079846499.1	1115	1	192	1	100	100%
WP_079893177.1	1116	1	192	1	100	100%
WP_079973384.1	1117	1	192	1	100	100%
WP_080076154.1	1118	1	192	1	100	100%
WP_080150981.1	1119	1	192	1	100	100%
WP_080171410.1	1120	1	192	1	100	100%
WP_080210505.1	1121	1	192	1	100	100%
WP_080213257.1	1122	1	192	1	100	100%
WP_080216937.1	1123	1	192	1	100	100%
WP_080246011.1	1124	1	192	1	100	100%
WP_088758719.1	1125	1	192	1	100	100%
WP_094914491.1	1126	1	192	1	100	100%
WP_094964805.1	1127	1	192	1	100	100%
WP_097362511.1	1128	1	192	1	100	100%
WP_097369677.1	1129	1	192	1	100	100%
WP_109266749.1	1130	1	192	1	100	100%
WP_109462809.1	1131	1	192	1	100	100%
WP_111722129.1	1132	1	192	1	100	100%
WP_111752167.1	1133	1	192	1	100	100%
WP_111770698.1	1134	1	192	1	100	100%
WP_114047012.1	1135	1	192	1	100	100%
WP_114049715.1	1136	1	192	1	100	100%
WP_115198535.1	1137	1	192	1	100	100%
WP_115285883.1	1138	1	192	1	100	100%
WP_122057320.1	1139	1	192	1	100	100%
WP_129462554.1	1140	1	192	1	100	100%
WP_134947427.1	1141	1	192	1	100	100%
WP_139780235.1	1142	1	192	1	100	100%
WP_149410476.1	1143	1	192	1	100	100%
WP_150362518.1	1144	1	192	1	100	100%
WP_151116874.1	1145	1	192	1	100	100%
WP_151327421.1	1146	1	192	1	100	100%
WP_151350173.1	1147	1	192	1	100	100%
1487923.DP73_21470	1148	1	191	1	100	100%
585.DR95_142	1149	1	191	1	100	100%
1216966.BAUC0100001	1150	1	190	1	100	100%
1232437.KL661978_ge	1151	1	190	1	100	100%
667121.ET1_05_01410	1152	1	190	1	100	100%
ete:ETEE_3890	1153	1	190	1	100	100%
pfq:QQ39_07310	1154	1	190	1	100	100%
WP_009305696.1	1155	1	190	1	100	100%
WP_009609007.1	1156	1	190	1	100	100%
WP_101721187.1	1157	1	190	1	100	100%
WP_114518229.1	1158	1	190	1	100	100%
WP_114519798.1	1159	1	190	1	100	100%
WP_114534621.1	1160	1	190	1	100	100%
WP_114545076.1	1161	1	190	1	100	100%
WP_114555434.1	1162	1	190	1	100	100%
WP_114557084.1	1163	1	190	1	100	100%
WP_123191644.1	1164	1	190	1	100	100%
1005999.GLGR_1728	1165	1	189	1	100	100%
390939450	1166	1	189	1	100	100%
lri:NCTC12151_02196	1167	1	189	1	100	100%
1537915.JU57_07195	1168	1	188	1	100	100%
A0A2X2BS68	1169	1	188	1	100	100%
1150621.SMUL_3281	1170	1	187	1	100	100%
WP_141028332.1	1171	1	187	1	100	100%
WP_079951997.1	1172	1	185	1	100	100%
WP_146670704.1	1173	1	185	1	100	100%
35703.DQ02_07310	1174	1	184	1	100	100%
A0A447NF83	1175	1	183	1	100	100%
pmib:BB2000_1922	1176	1	183	1	100	100%
871963.Desdi_1253	1177	1	182	1	100	100%
WP_146142379.1	1178	1	182	1	100	100%
1088721.NSU_3567	1179	1	180	1	100	100%
742818.HMPREF9451_0	1180	1	179	1	100	100%
1235794.C811_02128	1181	1	178	1	100	100%
WP_009306064.1	1182	1	178	1	100	100%
WP_009607998.1	1183	1	178	1	100	100%
WP_021409314.1	1184	1	178	1	100	100%
WP_080801889.1	1185	1	178	1	100	100%
WP_080801905.1	1186	1	178	1	100	100%
WP_101721504.1	1187	1	178	1	100	100%
WP_101721508.1	1188	1	178	1	100	100%
WP_102373619.1	1189	1	178	1	100	100%
WP_102379983.1	1190	1	178	1	100	100%
WP_114544693.1	1191	1	178	1	100	100%
WP_114566190.1	1192	1	178	1	100	100%
WP_123185009.1	1193	1	178	1	100	100%
WP_123191033.1	1194	1	178	1	100	100%
471881.PROPEN_01844	1195	1	177	1	100	100%
WP_114544697.1	1196	1	177	1	100	100%
A0A2U3LF00	1197	1	176	1	100	100%
A0A2X2BLS8	1198	1	176	1	100	100%
224370438	1199	1	175	1	100	100%
A0A447U0L3	1200	1	175	1	100	100%
WP_080188218.1	1201	1	175	1	100	100%
WP_047655687.1	1202	1	174	1	100	100%
A0A2X2BMN4	1203	1	173	1	100	100%
WP_001092560.1	1204	1	167	1	100	100%
A0A379USU4	1205	1	165	1	100	100%
A0A509D4G9	1206	1	165	1	100	100%
WP_146641209.1	1207	1	165	1	100	100%
14521676	1208	1	164	1	100	100%
1236542.BALM0100001	1209	1	162	1	100	100%
WP_139781865.1	1210	1	160	1	100	100%
A0A3S4JDQ5	1211	1	158	1	100	100%
A0A3S4K9M2	1212	1	154	1	100	100%
WP_103285500.1	1213	1	153	1	100	100%
A0A379WRV0	1214	1	152	1	100	100%
WP_118971747.1	1215	1	150	1	100	100%
A0A3S4G6E2	1216	1	147	1	100	100%
A0A447N8F2	1217	1	147	1	100	100%
A0A3S4GJ87	1218	1	144	1	100	100%
A0A379XNJ2	1219	1	142	1	100	100%
WP_020978717.1	1220	1	135	1	100	100%
A0A447PF25	1221	1	132	1	100	100%
WP_150316526.1	1222	1	132	1	100	100%
WP_134952407.1	1223	1	127	1	100	100%
A0A447M2E3	1224	1	120	1	100	100%
A0A509BY32	1225	1	120	1	100	100%
A0A509C899	1226	1	120	1	100	100%
471881.PROPEN_01850	1227	1	117	1	100	100%
471881.PROPEN_01846	1228	1	113	1	100	100%
471881.PROPEN_01851	1229	1	112	1	100	100%
WP_047656091.1	1230	1	112	1	100	100%
A0A2X2C7L1	1231	1	111	1	100	100%
A0A2X2DNL5	1232	1	111	1	100	100%
A0A379SV24	1233	1	110	1	100	100%
A0A3S4IJI3	1234	1	110	1	100	100%
WP_082138489.1	1235	1	109	1	100	100%
WP_139378946.1	1236	1	109	1	100	100%
A0A379TWX3	1237	1	99	1	100	100%
WP_087446744.1	1238	1	95	1	100	100%
WP_147074643.1	1239	1	95	1	100	100%
A0A447N891	1240	1	94	1	100	100%
WP_140433037.1	1241	1	91	1	100	100%
WP_146183010.1	1242	1	87	1	100	100%
A0A3S4E6R6	1243	1	84	1	100	100%
WP_146635021.1	1244	1	83	1	100	100%
A0A509C874	1245	1	68	1	100	100%
A0A379T943	1246	1	59	1	100	100%
1121405.dsmv_3835	1247	1	56	1	100	100%
A0A379XNL8	1248	1	55	1	100	100%
A0A509D2Y8	1249	1	54	1	100	100%
A0A447M2F6	1250	1	53	1	100	100%
A0A447N872	1251	1	52	1	100	100%
WP_111763672.1	1252	1	48	1	100	100%
WP_146632370.1	1253	1	47	1	100	100%
A0A509D4T2	1254	1	45	1	100	100%
WP_082193761.1	1255	1	42	1	100	100%
A0A509C7V1	1256	1	39	1	100	100%
471881.PROPEN_01847	1257	1	38	1	100	100%
WP_151352660.1	1258	1	37	1	100	100%
WP_146692189.1	1259	1	30	1	100	100%
